,0,1,2
0,-1.0,3.945570781418787,3.945570781418787
1,-0.997997997997998,3.9200531228867685,3.9200531228867685
2,-0.995995995995996,4.008204360569051,4.008204360569051
3,-0.993993993993994,3.903922785422981,3.903922785422981
4,-0.991991991991992,4.017398672516699,4.017398672516699
5,-0.98998998998999,4.004319301384101,4.004319301384101
6,-0.987987987987988,3.9943382332828787,3.9943382332828787
7,-0.985985985985986,4.092201314806582,4.092201314806582
8,-0.983983983983984,4.0208543716710805,4.0208543716710805
9,-0.9819819819819819,4.039617761732462,4.039617761732462
10,-0.97997997997998,3.9630421555340583,3.9630421555340583
11,-0.977977977977978,4.018646573045334,4.018646573045334
12,-0.975975975975976,3.9925640474854336,3.9925640474854336
13,-0.973973973973974,4.005054998962498,4.005054998962498
14,-0.9719719719719719,3.981909198966566,3.981909198966566
15,-0.96996996996997,4.0037658843209085,4.0037658843209085
16,-0.967967967967968,4.025721356540571,4.025721356540571
17,-0.965965965965966,4.0050868870888285,4.0050868870888285
18,-0.963963963963964,3.9968381462607794,3.9968381462607794
19,-0.9619619619619619,3.920619030913736,3.920619030913736
20,-0.95995995995996,3.955178267462817,3.955178267462817
21,-0.957957957957958,4.081525581100408,4.081525581100408
22,-0.955955955955956,4.0567507526108635,4.0567507526108635
23,-0.953953953953954,4.091897649623649,4.091897649623649
24,-0.9519519519519519,4.080970105345557,4.080970105345557
25,-0.94994994994995,4.035396789352158,4.035396789352158
26,-0.9479479479479479,4.034346888856477,4.034346888856477
27,-0.9459459459459459,4.123701403204831,4.123701403204831
28,-0.943943943943944,3.993166652183108,3.993166652183108
29,-0.9419419419419419,4.046588834856003,4.046588834856003
30,-0.93993993993994,3.9514498864430276,3.9514498864430276
31,-0.9379379379379379,4.051482245464528,4.051482245464528
32,-0.9359359359359359,4.072890721310843,4.072890721310843
33,-0.933933933933934,4.001768176933894,4.001768176933894
34,-0.9319319319319319,3.972211550230032,3.972211550230032
35,-0.92992992992993,4.016804865983763,4.016804865983763
36,-0.9279279279279279,3.937454205850035,3.937454205850035
37,-0.9259259259259259,3.893302103500282,3.893302103500282
38,-0.9239239239239239,4.061322563159447,4.061322563159447
39,-0.9219219219219219,4.002222976461694,4.002222976461694
40,-0.91991991991992,4.016983218845382,4.016983218845382
41,-0.9179179179179179,3.943453569371161,3.943453569371161
42,-0.9159159159159159,4.04191386675205,4.04191386675205
43,-0.9139139139139139,3.9403819764266923,3.9403819764266923
44,-0.9119119119119119,3.934012337887492,3.934012337887492
45,-0.9099099099099099,3.9445926448429276,3.9445926448429276
46,-0.9079079079079079,3.95174791844664,3.95174791844664
47,-0.9059059059059059,3.9756030297115963,3.9756030297115963
48,-0.9039039039039038,4.111011501494766,4.111011501494766
49,-0.9019019019019019,4.0890235021655466,4.0890235021655466
50,-0.8998998998998999,4.012727584979567,4.012727584979567
51,-0.8978978978978979,4.046180320500092,4.046180320500092
52,-0.8958958958958959,3.9230285718836444,3.9230285718836444
53,-0.8938938938938938,4.032155855538305,4.032155855538305
54,-0.8918918918918919,3.945277896766686,3.945277896766686
55,-0.8898898898898899,4.029692716738384,4.029692716738384
56,-0.8878878878878879,3.986200986843132,3.986200986843132
57,-0.8858858858858859,4.013000923414517,4.013000923414517
58,-0.8838838838838838,4.023155178213368,4.023155178213368
59,-0.8818818818818819,3.949208723281835,3.949208723281835
60,-0.8798798798798799,4.080461454821729,4.080461454821729
61,-0.8778778778778779,4.032117254276117,4.032117254276117
62,-0.8758758758758759,4.041918052133389,4.041918052133389
63,-0.8738738738738738,3.9964179956420276,3.9964179956420276
64,-0.8718718718718719,3.9897021322069937,3.9897021322069937
65,-0.8698698698698699,3.9488939924601354,3.9488939924601354
66,-0.8678678678678678,4.056490273280862,4.056490273280862
67,-0.8658658658658659,3.913750935969181,3.913750935969181
68,-0.8638638638638638,4.105491001714846,4.105491001714846
69,-0.8618618618618619,3.910621833544369,3.910621833544369
70,-0.8598598598598599,3.937137482883624,3.937137482883624
71,-0.8578578578578578,4.0248882662194045,4.0248882662194045
72,-0.8558558558558559,3.9963927830726034,3.9963927830726034
73,-0.8538538538538538,4.048824086423877,4.048824086423877
74,-0.8518518518518519,4.072475540385217,4.072475540385217
75,-0.8498498498498499,3.949177771981437,3.949177771981437
76,-0.8478478478478478,3.874908119016158,3.874908119016158
77,-0.8458458458458459,3.9837136502746917,3.9837136502746917
78,-0.8438438438438438,4.0495078303697785,4.0495078303697785
79,-0.8418418418418419,3.976708257240606,3.976708257240606
80,-0.8398398398398399,3.935873405970112,3.935873405970112
81,-0.8378378378378378,4.009038876939429,4.009038876939429
82,-0.8358358358358359,4.1580899515930785,4.1580899515930785
83,-0.8338338338338338,4.018240812214019,4.018240812214019
84,-0.8318318318318318,3.972162863315531,3.972162863315531
85,-0.8298298298298299,4.059252510118024,4.059252510118024
86,-0.8278278278278278,4.064757148010237,4.064757148010237
87,-0.8258258258258259,4.0488545650424514,4.0488545650424514
88,-0.8238238238238238,4.056354894496668,4.056354894496668
89,-0.8218218218218218,4.028259348192212,4.028259348192212
90,-0.8198198198198199,3.9952274417017057,3.9952274417017057
91,-0.8178178178178178,3.9789336548288405,3.9789336548288405
92,-0.8158158158158157,3.9900433482905036,3.9900433482905036
93,-0.8138138138138138,4.012010360068919,4.012010360068919
94,-0.8118118118118118,4.021165004094015,4.021165004094015
95,-0.8098098098098099,4.027134716031863,4.027134716031863
96,-0.8078078078078078,3.835835152065762,3.835835152065762
97,-0.8058058058058057,3.9566239488551807,3.9566239488551807
98,-0.8038038038038038,3.957192136472645,3.957192136472645
99,-0.8018018018018018,3.8564648936858825,3.8564648936858825
100,-0.7997997997997999,3.9188282792807856,3.9188282792807856
101,-0.7977977977977978,4.106601595377371,4.106601595377371
102,-0.7957957957957957,3.997920457749743,3.997920457749743
103,-0.7937937937937938,3.997450322369453,3.997450322369453
104,-0.7917917917917918,4.0413759104317215,4.0413759104317215
105,-0.7897897897897898,3.9989518244334366,3.9989518244334366
106,-0.7877877877877878,4.071244410071106,4.071244410071106
107,-0.7857857857857857,4.094236353325171,4.094236353325171
108,-0.7837837837837838,4.022603023800337,4.022603023800337
109,-0.7817817817817818,4.065913129855666,4.065913129855666
110,-0.7797797797797797,3.929399265032424,3.929399265032424
111,-0.7777777777777778,4.037036124323698,4.037036124323698
112,-0.7757757757757757,3.974781224413812,3.974781224413812
113,-0.7737737737737738,4.043886148233382,4.043886148233382
114,-0.7717717717717718,4.002542629189249,4.002542629189249
115,-0.7697697697697697,3.937608504975535,3.937608504975535
116,-0.7677677677677678,4.000927279853988,4.000927279853988
117,-0.7657657657657657,3.984923548022972,3.984923548022972
118,-0.7637637637637638,4.0185177945363915,4.0185177945363915
119,-0.7617617617617618,3.9847058784828095,3.9847058784828095
120,-0.7597597597597597,3.9616164576263837,3.9616164576263837
121,-0.7577577577577578,3.969935612478009,3.969935612478009
122,-0.7557557557557557,3.8912627757576406,3.8912627757576406
123,-0.7537537537537538,3.945990053695464,3.945990053695464
124,-0.7517517517517518,3.9842374093230717,3.9842374093230717
125,-0.7497497497497497,3.899469434312131,3.899469434312131
126,-0.7477477477477478,4.054884559624485,4.054884559624485
127,-0.7457457457457457,4.072300592270982,4.072300592270982
128,-0.7437437437437437,3.997361664072957,3.997361664072957
129,-0.7417417417417418,3.952984281295885,3.952984281295885
130,-0.7397397397397397,4.037790729947644,4.037790729947644
131,-0.7377377377377378,3.9714421944545153,3.9714421944545153
132,-0.7357357357357357,4.014254577981305,4.014254577981305
133,-0.7337337337337337,4.008185951816719,4.008185951816719
134,-0.7317317317317318,4.034504650584823,4.034504650584823
135,-0.7297297297297297,3.9494046398792833,3.9494046398792833
136,-0.7277277277277278,3.987714716686731,3.987714716686731
137,-0.7257257257257257,4.043014635815329,4.043014635815329
138,-0.7237237237237237,3.9477405500706655,3.9477405500706655
139,-0.7217217217217218,4.024858891983834,4.024858891983834
140,-0.7197197197197197,3.9479196727029278,3.9479196727029278
141,-0.7177177177177176,3.944616583151099,3.944616583151099
142,-0.7157157157157157,3.9425024518057232,3.9425024518057232
143,-0.7137137137137137,4.007535258638887,4.007535258638887
144,-0.7117117117117118,3.994762336301443,3.994762336301443
145,-0.7097097097097097,3.9107348830147273,3.9107348830147273
146,-0.7077077077077076,4.087063650601202,4.087063650601202
147,-0.7057057057057057,3.9960973842703953,3.9960973842703953
148,-0.7037037037037037,4.041237060201047,4.041237060201047
149,-0.7017017017017018,3.9940068307102363,3.9940068307102363
150,-0.6996996996996997,4.022938488277736,4.022938488277736
151,-0.6976976976976976,3.9929838910727575,3.9929838910727575
152,-0.6956956956956957,4.015519283336312,4.015519283336312
153,-0.6936936936936937,3.943375997112594,3.943375997112594
154,-0.6916916916916918,4.0542656157845025,4.0542656157845025
155,-0.6896896896896897,4.0553919143480535,4.0553919143480535
156,-0.6876876876876876,3.9954089219401223,3.9954089219401223
157,-0.6856856856856857,3.9661367598416493,3.9661367598416493
158,-0.6836836836836837,3.9828562901584976,3.9828562901584976
159,-0.6816816816816818,4.01880011815873,4.01880011815873
160,-0.6796796796796797,4.0356940907004795,4.0356940907004795
161,-0.6776776776776776,4.024335088092228,4.024335088092228
162,-0.6756756756756757,3.9891494436968093,3.9891494436968093
163,-0.6736736736736737,4.037824441120454,4.037824441120454
164,-0.6716716716716717,3.998093693943427,3.998093693943427
165,-0.6696696696696697,4.012411829260033,4.012411829260033
166,-0.6676676676676676,3.941325107333831,3.941325107333831
167,-0.6656656656656657,4.000188085670263,4.000188085670263
168,-0.6636636636636637,3.9356689765207284,3.9356689765207284
169,-0.6616616616616617,3.946376571148717,3.946376571148717
170,-0.6596596596596597,3.9880264752202015,3.9880264752202015
171,-0.6576576576576576,4.0951027688005075,4.0951027688005075
172,-0.6556556556556556,4.071028628121521,4.071028628121521
173,-0.6536536536536537,4.021940239968862,4.021940239968862
174,-0.6516516516516517,3.9806335723644226,3.9806335723644226
175,-0.6496496496496497,3.9988828584134373,3.9988828584134373
176,-0.6476476476476476,3.9905694157863056,3.9905694157863056
177,-0.6456456456456456,4.02462181157719,4.02462181157719
178,-0.6436436436436437,3.9056524014153244,3.9056524014153244
179,-0.6416416416416417,3.9383079899914124,3.9383079899914124
180,-0.6396396396396397,4.00207242422862,4.00207242422862
181,-0.6376376376376376,3.9354754352288275,3.9354754352288275
182,-0.6356356356356356,3.9704432151119815,3.9704432151119815
183,-0.6336336336336337,4.047889169109712,4.047889169109712
184,-0.6316316316316316,4.05034289741559,4.05034289741559
185,-0.6296296296296297,4.116415951519992,4.116415951519992
186,-0.6276276276276276,4.0099541596107695,4.0099541596107695
187,-0.6256256256256256,4.066266070787785,4.066266070787785
188,-0.6236236236236237,3.968669983628405,3.968669983628405
189,-0.6216216216216216,3.9746379778355587,3.9746379778355587
190,-0.6196196196196196,3.9670552263237573,3.9670552263237573
191,-0.6176176176176176,4.055968251739074,4.055968251739074
192,-0.6156156156156156,4.012137628123261,4.012137628123261
193,-0.6136136136136137,4.130918495231734,4.130918495231734
194,-0.6116116116116116,3.989444333732001,3.989444333732001
195,-0.6096096096096096,4.00569071736215,4.00569071736215
196,-0.6076076076076076,4.080498056887793,4.080498056887793
197,-0.6056056056056056,4.049099189919902,4.049099189919902
198,-0.6036036036036037,3.92322213677499,3.92322213677499
199,-0.6016016016016016,3.9773319789159527,3.9773319789159527
200,-0.5995995995995996,3.9662932616501796,3.9662932616501796
201,-0.5975975975975976,4.032142819744677,4.032142819744677
202,-0.5955955955955956,3.9669039611139896,3.9669039611139896
203,-0.5935935935935936,3.925244135062893,3.925244135062893
204,-0.5915915915915916,4.015877165676312,4.015877165676312
205,-0.5895895895895895,3.9887613563321356,3.9887613563321356
206,-0.5875875875875876,4.066803305095222,4.066803305095222
207,-0.5855855855855856,3.9716998068179166,3.9716998068179166
208,-0.5835835835835836,3.998299112511465,3.998299112511465
209,-0.5815815815815816,3.9651590373566323,3.9651590373566323
210,-0.5795795795795795,3.9719931082409277,3.9719931082409277
211,-0.5775775775775776,3.9811888669360584,3.9811888669360584
212,-0.5755755755755756,4.036999826746199,4.036999826746199
213,-0.5735735735735736,4.015973480006359,4.015973480006359
214,-0.5715715715715716,3.9742274513977964,3.9742274513977964
215,-0.5695695695695695,3.9987875597757574,3.9987875597757574
216,-0.5675675675675675,3.9531686625892704,3.9531686625892704
217,-0.5655655655655656,3.9877729000057776,3.9877729000057776
218,-0.5635635635635636,3.9472797606039074,3.9472797606039074
219,-0.5615615615615616,4.102861192009092,4.102861192009092
220,-0.5595595595595595,3.9481800386759778,3.9481800386759778
221,-0.5575575575575575,3.993860399154099,3.993860399154099
222,-0.5555555555555556,4.0439986355231605,4.0439986355231605
223,-0.5535535535535536,3.962976882057599,3.962976882057599
224,-0.5515515515515516,3.968529961611667,3.968529961611667
225,-0.5495495495495495,4.032708353856665,4.032708353856665
226,-0.5475475475475475,3.9743840436260247,3.9743840436260247
227,-0.5455455455455456,4.035158285480748,4.035158285480748
228,-0.5435435435435436,3.923423078474758,3.923423078474758
229,-0.5415415415415415,4.037098172570567,4.037098172570567
230,-0.5395395395395395,4.001966256770195,4.001966256770195
231,-0.5375375375375375,3.9653308998895387,3.9653308998895387
232,-0.5355355355355356,3.995964552704149,3.995964552704149
233,-0.5335335335335336,4.0076072533639815,4.0076072533639815
234,-0.5315315315315315,3.990491681553933,3.990491681553933
235,-0.5295295295295295,3.9905242456801124,3.9905242456801124
236,-0.5275275275275275,3.940032737251894,3.940032737251894
237,-0.5255255255255256,3.994485200758451,3.994485200758451
238,-0.5235235235235236,3.960081761330659,3.960081761330659
239,-0.5215215215215215,4.026334694783382,4.026334694783382
240,-0.5195195195195195,4.007693291211008,4.007693291211008
241,-0.5175175175175175,4.022126668492052,4.022126668492052
242,-0.5155155155155156,4.032244588755976,4.032244588755976
243,-0.5135135135135136,4.127147118102472,4.127147118102472
244,-0.5115115115115115,3.968571474219745,3.968571474219745
245,-0.5095095095095095,3.96803691055504,3.96803691055504
246,-0.5075075075075075,4.022025632297624,4.022025632297624
247,-0.5055055055055055,3.8896211676176113,3.8896211676176113
248,-0.5035035035035035,4.017493260485312,4.017493260485312
249,-0.5015015015015015,3.999298526002274,3.999298526002274
250,-0.49949949949949946,3.9983323569764795,3.9983323569764795
251,-0.4974974974974975,4.034095345278208,4.034095345278208
252,-0.49549549549549554,4.007105280941699,4.007105280941699
253,-0.4934934934934935,3.985002297522333,3.985002297522333
254,-0.4914914914914915,4.025740241103555,4.025740241103555
255,-0.48948948948948945,4.03329276997001,4.03329276997001
256,-0.4874874874874875,3.9833214507059127,3.9833214507059127
257,-0.48548548548548554,4.019511959578068,4.019511959578068
258,-0.48348348348348347,4.111397638996816,4.111397638996816
259,-0.4814814814814815,3.925745423112603,3.925745423112603
260,-0.47947947947947944,4.024541620439764,4.024541620439764
261,-0.4774774774774775,3.9063564915413655,3.9063564915413655
262,-0.47547547547547553,4.044550259976545,4.044550259976545
263,-0.47347347347347346,3.948750975720356,3.948750975720356
264,-0.4714714714714715,4.102741050017094,4.102741050017094
265,-0.46946946946946944,3.875350925683406,3.875350925683406
266,-0.4674674674674675,4.046526406779051,4.046526406779051
267,-0.4654654654654655,3.997607057554847,3.997607057554847
268,-0.46346346346346345,4.031055054712653,4.031055054712653
269,-0.4614614614614615,4.010545002484351,4.010545002484351
270,-0.45945945945945943,3.9747143525634576,3.9747143525634576
271,-0.4574574574574575,3.9555917426671137,3.9555917426671137
272,-0.4554554554554555,4.090255021332371,4.090255021332371
273,-0.45345345345345345,3.950353949228854,3.950353949228854
274,-0.4514514514514515,3.995005044163298,3.995005044163298
275,-0.4494494494494494,4.039593426304904,4.039593426304904
276,-0.44744744744744747,3.9700689096104753,3.9700689096104753
277,-0.4454454454454454,4.090695215856846,4.090695215856846
278,-0.44344344344344344,3.9927406376207313,3.9927406376207313
279,-0.4414414414414415,3.99897390258236,3.99897390258236
280,-0.4394394394394394,4.0304308510897044,4.0304308510897044
281,-0.43743743743743746,4.016866576352649,4.016866576352649
282,-0.4354354354354354,3.9960637461504853,3.9960637461504853
283,-0.43343343343343343,4.12703283862863,4.12703283862863
284,-0.4314314314314315,4.027460042060528,4.027460042060528
285,-0.4294294294294294,3.926495314802081,3.926495314802081
286,-0.42742742742742745,4.00032750305236,4.00032750305236
287,-0.4254254254254254,3.9898576448640366,3.9898576448640366
288,-0.42342342342342343,3.993973175588371,3.993973175588371
289,-0.42142142142142147,4.067514940939545,4.067514940939545
290,-0.4194194194194194,4.013552595707352,4.013552595707352
291,-0.41741741741741745,4.040120657289975,4.040120657289975
292,-0.4154154154154154,4.031323214327831,4.031323214327831
293,-0.4134134134134134,4.069018818570833,4.069018818570833
294,-0.41141141141141147,4.051004055411729,4.051004055411729
295,-0.4094094094094094,4.019988095872015,4.019988095872015
296,-0.40740740740740744,4.048959941867996,4.048959941867996
297,-0.4054054054054054,4.021066916017703,4.021066916017703
298,-0.4034034034034034,3.8954931114667986,3.8954931114667986
299,-0.40140140140140146,4.0384120011026,4.0384120011026
300,-0.3993993993993994,4.010932262425844,4.010932262425844
301,-0.39739739739739743,3.966566014377341,3.966566014377341
302,-0.39539539539539537,3.9046925931325194,3.9046925931325194
303,-0.3933933933933934,4.033312104822233,4.033312104822233
304,-0.39139139139139134,4.016758248984196,4.016758248984196
305,-0.3893893893893894,4.015442777879769,4.015442777879769
306,-0.3873873873873874,3.9839429342588257,3.9839429342588257
307,-0.38538538538538536,4.004980421008563,4.004980421008563
308,-0.3833833833833834,3.921667451358629,3.921667451358629
309,-0.38138138138138133,3.995134152210554,3.995134152210554
310,-0.3793793793793794,4.02349202296557,4.02349202296557
311,-0.3773773773773774,3.9707714787439032,3.9707714787439032
312,-0.37537537537537535,4.042410667755974,4.042410667755974
313,-0.3733733733733734,3.956597734681094,3.956597734681094
314,-0.37137137137137133,4.013263571127905,4.013263571127905
315,-0.36936936936936937,4.007223102816246,4.007223102816246
316,-0.3673673673673674,3.8885703467612074,3.8885703467612074
317,-0.36536536536536535,3.996260965189609,3.996260965189609
318,-0.3633633633633634,3.9499646674175724,3.9499646674175724
319,-0.3613613613613613,3.9774640660644804,3.9774640660644804
320,-0.35935935935935936,3.9835197977724905,3.9835197977724905
321,-0.3573573573573574,3.970773318148679,3.970773318148679
322,-0.35535535535535534,3.973336153583972,3.973336153583972
323,-0.3533533533533534,4.026874247004598,4.026874247004598
324,-0.3513513513513513,4.194638569745474,4.194638569745474
325,-0.34934934934934936,4.063242867327118,4.063242867327118
326,-0.3473473473473474,4.0225100801884555,4.0225100801884555
327,-0.34534534534534533,3.99468778948232,3.99468778948232
328,-0.3433433433433434,3.935321855295552,3.935321855295552
329,-0.3413413413413413,4.045794040638146,4.045794040638146
330,-0.33933933933933935,3.9922515942744115,3.9922515942744115
331,-0.3373373373373374,4.040917472440463,4.040917472440463
332,-0.3353353353353353,4.016861071489051,4.016861071489051
333,-0.33333333333333337,4.00699416178503,4.00699416178503
334,-0.3313313313313313,3.9734828786007745,3.9734828786007745
335,-0.32932932932932935,3.9522787608969363,3.9522787608969363
336,-0.3273273273273274,4.0256421184996025,4.0256421184996025
337,-0.3253253253253253,4.015460963777727,4.015460963777727
338,-0.32332332332332336,3.9362700096366763,3.9362700096366763
339,-0.3213213213213213,3.993890327198287,3.993890327198287
340,-0.31931931931931934,3.950218671401939,3.950218671401939
341,-0.31731731731731727,3.9879785494600326,3.9879785494600326
342,-0.3153153153153153,4.052034221115431,4.052034221115431
343,-0.31331331331331336,3.988024157855434,3.988024157855434
344,-0.3113113113113113,4.028431203025762,4.028431203025762
345,-0.30930930930930933,4.013709310579165,4.013709310579165
346,-0.30730730730730726,4.000518075479323,4.000518075479323
347,-0.3053053053053053,4.0834493753189465,4.0834493753189465
348,-0.30330330330330335,3.9149579749492784,3.9149579749492784
349,-0.3013013013013013,3.9239598871385453,3.9239598871385453
350,-0.2992992992992993,4.016717619196013,4.016717619196013
351,-0.29729729729729726,3.9880274804724123,3.9880274804724123
352,-0.2952952952952953,4.044578118245543,4.044578118245543
353,-0.29329329329329334,3.9137480773486857,3.9137480773486857
354,-0.2912912912912913,4.011926805233159,4.011926805233159
355,-0.2892892892892893,3.927995273844875,3.927995273844875
356,-0.28728728728728725,3.9819311475123773,3.9819311475123773
357,-0.2852852852852853,3.9400883511677405,3.9400883511677405
358,-0.28328328328328334,4.059337622728369,4.059337622728369
359,-0.28128128128128127,4.027897703645787,4.027897703645787
360,-0.2792792792792793,4.011400407742307,4.011400407742307
361,-0.27727727727727725,4.033283191711716,4.033283191711716
362,-0.2752752752752753,4.106925281751822,4.106925281751822
363,-0.27327327327327333,3.98043547004405,3.98043547004405
364,-0.27127127127127126,4.020850681045195,4.020850681045195
365,-0.2692692692692693,3.902510854994393,3.902510854994393
366,-0.26726726726726724,3.979463654591531,3.979463654591531
367,-0.2652652652652653,4.045079284196166,4.045079284196166
368,-0.2632632632632632,3.9774594242166725,3.9774594242166725
369,-0.26126126126126126,4.046693954692858,4.046693954692858
370,-0.2592592592592593,3.9507496654461494,3.9507496654461494
371,-0.25725725725725723,3.961699043424571,3.961699043424571
372,-0.2552552552552553,4.033600664741298,4.033600664741298
373,-0.2532532532532532,3.9781892977697373,3.9781892977697373
374,-0.25125125125125125,3.9753138724842683,3.9753138724842683
375,-0.2492492492492493,3.97576860917736,3.97576860917736
376,-0.24724724724724723,3.9397687826846775,3.9397687826846775
377,-0.24524524524524527,4.035631032709522,4.035631032709522
378,-0.2432432432432432,4.099549225153244,4.099549225153244
379,-0.24124124124124124,3.897484479881904,3.897484479881904
380,-0.2392392392392393,4.087047332442071,4.087047332442071
381,-0.23723723723723722,3.974958831189492,3.974958831189492
382,-0.23523523523523526,3.9832071715724444,3.9832071715724444
383,-0.2332332332332332,4.02588641877602,4.02588641877602
384,-0.23123123123123124,3.9038289866099856,3.9038289866099856
385,-0.22922922922922928,3.982575127878581,3.982575127878581
386,-0.2272272272272272,4.044135869928507,4.044135869928507
387,-0.22522522522522526,4.012328724497822,4.012328724497822
388,-0.2232232232232232,3.967284997612121,3.967284997612121
389,-0.22122122122122123,4.027110318356761,4.027110318356761
390,-0.21921921921921927,4.047973313909899,4.047973313909899
391,-0.2172172172172172,4.048776591343703,4.048776591343703
392,-0.21521521521521525,4.020204891660186,4.020204891660186
393,-0.21321321321321318,3.9888068246100823,3.9888068246100823
394,-0.21121121121121122,4.044862207532905,4.044862207532905
395,-0.20920920920920927,4.033243543064349,4.033243543064349
396,-0.2072072072072072,3.9124138824405943,3.9124138824405943
397,-0.20520520520520524,3.9790085046237027,3.9790085046237027
398,-0.20320320320320318,3.898589697710608,3.898589697710608
399,-0.20120120120120122,4.013000677634044,4.013000677634044
400,-0.19919919919919926,4.006305999227684,4.006305999227684
401,-0.1971971971971972,4.003571945653384,4.003571945653384
402,-0.19519519519519524,3.973008623294086,3.973008623294086
403,-0.19319319319319317,3.9693749885262357,3.9693749885262357
404,-0.1911911911911912,3.9741148355668283,3.9741148355668283
405,-0.18918918918918914,3.959065527780879,3.959065527780879
406,-0.1871871871871872,3.951596968622305,3.951596968622305
407,-0.18518518518518523,3.9852188066462744,3.9852188066462744
408,-0.18318318318318316,3.9024023439532316,3.9024023439532316
409,-0.1811811811811812,3.995694184287047,3.995694184287047
410,-0.17917917917917914,3.986113189996385,3.986113189996385
411,-0.17717717717717718,4.074871100909575,4.074871100909575
412,-0.17517517517517522,3.9536507392933844,3.9536507392933844
413,-0.17317317317317316,4.03110405072955,4.03110405072955
414,-0.1711711711711712,4.009981611861654,4.009981611861654
415,-0.16916916916916913,4.058637199936061,4.058637199936061
416,-0.16716716716716717,4.086454366642692,4.086454366642692
417,-0.16516516516516522,4.009686299971912,4.009686299971912
418,-0.16316316316316315,3.9782154389806794,3.9782154389806794
419,-0.1611611611611612,3.9817384499316173,3.9817384499316173
420,-0.15915915915915912,4.047610345154469,4.047610345154469
421,-0.15715715715715717,4.145088971646892,4.145088971646892
422,-0.1551551551551552,3.982042307077975,3.982042307077975
423,-0.15315315315315314,4.031917709912131,4.031917709912131
424,-0.1511511511511512,3.9637936020776445,3.9637936020776445
425,-0.14914914914914912,3.9824827452290745,3.9824827452290745
426,-0.14714714714714716,3.9751962866378774,3.9751962866378774
427,-0.1451451451451452,4.062090904135143,4.062090904135143
428,-0.14314314314314314,3.999221609917097,3.999221609917097
429,-0.14114114114114118,3.959959315690916,3.959959315690916
430,-0.1391391391391391,3.9670516632930712,3.9670516632930712
431,-0.13713713713713716,4.0298385272917425,4.0298385272917425
432,-0.1351351351351351,3.917954104408514,3.917954104408514
433,-0.13313313313313313,4.074214015991943,4.074214015991943
434,-0.13113113113113117,4.041216386430224,4.041216386430224
435,-0.1291291291291291,4.105659468521313,4.105659468521313
436,-0.12712712712712715,3.9340532235303227,3.9340532235303227
437,-0.12512512512512508,4.0410794428231345,4.0410794428231345
438,-0.12312312312312312,4.0674571811493045,4.0674571811493045
439,-0.12112112112112117,3.9713057387815502,3.9713057387815502
440,-0.1191191191191191,3.9395445319779414,3.9395445319779414
441,-0.11711711711711714,3.968290247622846,3.968290247622846
442,-0.11511511511511507,4.02453003152004,4.02453003152004
443,-0.11311311311311312,4.04090431152732,4.04090431152732
444,-0.11111111111111116,3.9330373680947095,3.9330373680947095
445,-0.10910910910910909,3.9803614055235452,3.9803614055235452
446,-0.10710710710710714,4.031668599191304,4.031668599191304
447,-0.10510510510510507,4.0423467472835,4.0423467472835
448,-0.10310310310310311,3.9867564922510494,3.9867564922510494
449,-0.10110110110110115,3.9997514599519857,3.9997514599519857
450,-0.09909909909909909,4.035483424725316,4.035483424725316
451,-0.09709709709709713,4.0351637351382275,4.0351637351382275
452,-0.09509509509509506,4.040449207032903,4.040449207032903
453,-0.0930930930930931,3.945242416686054,3.945242416686054
454,-0.09109109109109115,4.0665003238866735,4.0665003238866735
455,-0.08908908908908908,4.085211232716474,4.085211232716474
456,-0.08708708708708712,3.9824343196772793,3.9824343196772793
457,-0.08508508508508505,4.072220178112475,4.072220178112475
458,-0.0830830830830831,4.011750497379423,4.011750497379423
459,-0.08108108108108114,3.9958058351862027,3.9958058351862027
460,-0.07907907907907907,4.0161293042898665,4.0161293042898665
461,-0.07707707707707712,3.9351246407625027,3.9351246407625027
462,-0.07507507507507505,4.0523455950573375,4.0523455950573375
463,-0.07307307307307309,4.0617327930968425,4.0617327930968425
464,-0.07107107107107113,4.066823503677629,4.066823503677629
465,-0.06906906906906907,3.890987025059683,3.890987025059683
466,-0.06706706706706711,3.9759521921757925,3.9759521921757925
467,-0.06506506506506504,3.9627661176926994,3.9627661176926994
468,-0.06306306306306309,4.014666416035818,4.014666416035818
469,-0.06106106106106102,3.9859134556684537,3.9859134556684537
470,-0.05905905905905906,4.009240875992685,4.009240875992685
471,-0.0570570570570571,3.9405964146639345,3.9405964146639345
472,-0.055055055055055035,4.047723623732371,4.047723623732371
473,-0.05305305305305308,3.9727447695896516,3.9727447695896516
474,-0.05105105105105101,4.074732973855641,4.074732973855641
475,-0.049049049049049054,3.961294416097589,3.961294416097589
476,-0.0470470470470471,3.9626018322659764,3.9626018322659764
477,-0.04504504504504503,4.099135319814137,4.099135319814137
478,-0.04304304304304307,4.038050306561649,4.038050306561649
479,-0.041041041041041004,4.028103163025586,4.028103163025586
480,-0.03903903903903905,3.995181698782627,3.995181698782627
481,-0.03703703703703709,4.072698115039734,4.072698115039734
482,-0.03503503503503502,3.9215405126944156,3.9215405126944156
483,-0.033033033033033066,4.006939368116346,4.006939368116346
484,-0.031031031031030998,4.022076001453017,4.022076001453017
485,-0.02902902902902904,4.009719062425832,4.009719062425832
486,-0.027027027027027084,4.009639795187785,4.009639795187785
487,-0.025025025025025016,4.01651045001566,4.01651045001566
488,-0.02302302302302306,3.972424813998016,3.972424813998016
489,-0.02102102102102099,3.999478102852516,3.999478102852516
490,-0.019019019019019034,4.099567899665718,4.099567899665718
491,-0.017017017017017078,4.046735272082336,4.046735272082336
492,-0.01501501501501501,4.112917937201009,4.112917937201009
493,-0.013013013013013053,4.022826067478396,4.022826067478396
494,-0.011011011011010985,4.076339440909036,4.076339440909036
495,-0.009009009009009028,3.999592463855612,3.999592463855612
496,-0.00700700700700696,3.9453448432385043,3.9453448432385043
497,-0.005005005005005003,4.059325612352199,4.059325612352199
498,-0.0030030030030030463,3.9850277981493334,3.9850277981493334
499,-0.0010010010010009784,4.071402575623574,4.071402575623574
500,0.0010010010010010895,3.9740463497905765,3.9740463497905765
501,0.0030030030030030463,3.966600056987954,3.966600056987954
502,0.005005005005005003,4.041528194481859,4.041528194481859
503,0.00700700700700696,4.026130063489192,4.026130063489192
504,0.009009009009008917,4.008502980032619,4.008502980032619
505,0.011011011011011096,3.9784451806364642,3.9784451806364642
506,0.013013013013013053,4.0578571435979836,4.0578571435979836
507,0.01501501501501501,3.9949026851605938,3.9949026851605938
508,0.017017017017016967,4.1265075785856045,4.1265075785856045
509,0.019019019019018923,3.923684546973631,3.923684546973631
510,0.021021021021021102,4.064996954058575,4.064996954058575
511,0.02302302302302306,3.9933305998571518,3.9933305998571518
512,0.025025025025025016,4.05228662201578,4.05228662201578
513,0.027027027027026973,3.9953659974386944,3.9953659974386944
514,0.02902902902902893,3.939450000440694,3.939450000440694
515,0.03103103103103111,4.002910819929423,4.002910819929423
516,0.033033033033033066,4.063147213514995,4.063147213514995
517,0.03503503503503502,3.9633145166680888,3.9633145166680888
518,0.03703703703703698,3.9406504896529957,3.9406504896529957
519,0.039039039039038936,4.05887716994994,4.05887716994994
520,0.041041041041041115,4.064050446982783,4.064050446982783
521,0.04304304304304307,4.06693275100267,4.06693275100267
522,0.04504504504504503,3.9603775562045684,3.9603775562045684
523,0.047047047047046986,4.026837937072794,4.026837937072794
524,0.04904904904904894,3.9589864941849005,3.9589864941849005
525,0.05105105105105112,3.985066973992986,3.985066973992986
526,0.05305305305305308,4.014672511299475,4.014672511299475
527,0.055055055055055035,4.003260903709155,4.003260903709155
528,0.05705705705705699,3.945915482048565,3.945915482048565
529,0.05905905905905895,4.001681662020626,4.001681662020626
530,0.06106106106106113,4.07025839001635,4.07025839001635
531,0.06306306306306309,3.9453616143449293,3.9453616143449293
532,0.06506506506506504,3.965699671376368,3.965699671376368
533,0.067067067067067,3.9404548574623495,3.9404548574623495
534,0.06906906906906896,3.9567601617903225,3.9567601617903225
535,0.07107107107107113,4.0202364023650325,4.0202364023650325
536,0.07307307307307309,4.0100561983785195,4.0100561983785195
537,0.07507507507507505,3.975368041156169,3.975368041156169
538,0.077077077077077,4.02800844588021,4.02800844588021
539,0.07907907907907896,3.9780664770383334,3.9780664770383334
540,0.08108108108108114,3.9738345213386324,3.9738345213386324
541,0.0830830830830831,4.007440516549771,4.007440516549771
542,0.08508508508508505,3.926341068964496,3.926341068964496
543,0.08708708708708701,3.958518567261541,3.958518567261541
544,0.08908908908908897,4.112752864408071,4.112752864408071
545,0.09109109109109115,4.043376536679644,4.043376536679644
546,0.0930930930930931,3.9344603794968136,3.9344603794968136
547,0.09509509509509506,4.055279974934277,4.055279974934277
548,0.09709709709709702,4.036274692017637,4.036274692017637
549,0.0990990990990992,3.98649805238009,3.98649805238009
550,0.10110110110110115,3.9843837084334472,3.9843837084334472
551,0.10310310310310311,3.9696457739935527,3.9696457739935527
552,0.10510510510510507,3.928052884225732,3.928052884225732
553,0.10710710710710702,4.1550627103818165,4.1550627103818165
554,0.1091091091091092,3.998632659330884,3.998632659330884
555,0.11111111111111116,4.001201960207789,4.001201960207789
556,0.11311311311311312,3.9145312302001254,3.9145312302001254
557,0.11511511511511507,3.9372346719720417,3.9372346719720417
558,0.11711711711711703,4.021444051617755,4.021444051617755
559,0.11911911911911921,3.980968431428887,3.980968431428887
560,0.12112112112112117,3.9646209871329763,3.9646209871329763
561,0.12312312312312312,3.982373450200813,3.982373450200813
562,0.12512512512512508,3.9852779731860704,3.9852779731860704
563,0.12712712712712704,3.916197166011221,3.916197166011221
564,0.12912912912912922,4.052218091311652,4.052218091311652
565,0.13113113113113117,4.059792250580508,4.059792250580508
566,0.13313313313313313,3.9985299828804908,3.9985299828804908
567,0.1351351351351351,3.952253239933318,3.952253239933318
568,0.13713713713713704,3.92527585307263,3.92527585307263
569,0.13913913913913922,3.967616880454919,3.967616880454919
570,0.14114114114114118,4.0491747435586145,4.0491747435586145
571,0.14314314314314314,4.1283343375853185,4.1283343375853185
572,0.1451451451451451,3.9901667245975645,3.9901667245975645
573,0.14714714714714705,4.0128605985949015,4.0128605985949015
574,0.14914914914914923,4.043080532731713,4.043080532731713
575,0.1511511511511512,3.9454899235911687,3.9454899235911687
576,0.15315315315315314,3.9516759618041957,3.9516759618041957
577,0.1551551551551551,4.069071776772215,4.069071776772215
578,0.15715715715715706,3.9746556768467265,3.9746556768467265
579,0.15915915915915924,3.997018031715634,3.997018031715634
580,0.1611611611611612,3.9956122057897376,3.9956122057897376
581,0.16316316316316315,4.0098292586670725,4.0098292586670725
582,0.1651651651651651,3.9853813006140557,3.9853813006140557
583,0.16716716716716706,3.9563463233238054,3.9563463233238054
584,0.16916916916916924,3.8948020242706063,3.8948020242706063
585,0.1711711711711712,4.030451623981024,4.030451623981024
586,0.17317317317317316,4.074957377934709,4.074957377934709
587,0.1751751751751751,4.068747692536758,4.068747692536758
588,0.17717717717717707,4.018008806801255,4.018008806801255
589,0.17917917917917925,4.003281666440955,4.003281666440955
590,0.1811811811811812,3.9751023133930525,3.9751023133930525
591,0.18318318318318316,4.033397919020257,4.033397919020257
592,0.18518518518518512,3.948637793582746,3.948637793582746
593,0.18718718718718708,3.9676293604136306,3.9676293604136306
594,0.18918918918918926,3.9850145136549964,3.9850145136549964
595,0.1911911911911912,4.071207158877882,4.071207158877882
596,0.19319319319319317,3.9799897817027885,3.9799897817027885
597,0.19519519519519513,4.013646398859273,4.013646398859273
598,0.19719719719719708,3.935998177782261,3.935998177782261
599,0.19919919919919926,3.932898972057654,3.932898972057654
600,0.20120120120120122,4.0120815851481515,4.0120815851481515
601,0.20320320320320318,3.9831226990367568,3.9831226990367568
602,0.20520520520520513,3.9812943133591516,3.9812943133591516
603,0.2072072072072071,4.00538906259408,4.00538906259408
604,0.20920920920920927,3.967193564742642,3.967193564742642
605,0.21121121121121122,3.9070168291236693,3.9070168291236693
606,0.21321321321321318,3.9813841686477343,3.9813841686477343
607,0.21521521521521514,4.109733848966352,4.109733848966352
608,0.21721721721721732,3.9599568829052383,3.9599568829052383
609,0.21921921921921927,3.9800708358475267,3.9800708358475267
610,0.22122122122122123,4.049946726563463,4.049946726563463
611,0.2232232232232232,3.9839798972678704,3.9839798972678704
612,0.22522522522522515,3.99589066827041,3.99589066827041
613,0.22722722722722732,3.9806774888342384,3.9806774888342384
614,0.22922922922922928,4.090785940014722,4.090785940014722
615,0.23123123123123124,4.054143316077656,4.054143316077656
616,0.2332332332332332,4.008370337951317,4.008370337951317
617,0.23523523523523515,3.9686954037326996,3.9686954037326996
618,0.23723723723723733,3.9833525361947317,3.9833525361947317
619,0.2392392392392393,3.9464783685471416,3.9464783685471416
620,0.24124124124124124,3.9990258731883594,3.9990258731883594
621,0.2432432432432432,4.070200850372999,4.070200850372999
622,0.24524524524524516,4.038929880513611,4.038929880513611
623,0.24724724724724734,4.060773502901697,4.060773502901697
624,0.2492492492492493,3.961155965385585,3.961155965385585
625,0.25125125125125125,3.991111739086539,3.991111739086539
626,0.2532532532532532,4.051015724050577,4.051015724050577
627,0.25525525525525516,3.983226101733042,3.983226101733042
628,0.25725725725725734,4.057810342644785,4.057810342644785
629,0.2592592592592593,4.010502605027467,4.010502605027467
630,0.26126126126126126,4.014763616700193,4.014763616700193
631,0.2632632632632632,4.04590572475546,4.04590572475546
632,0.26526526526526517,3.9492714346316085,3.9492714346316085
633,0.26726726726726735,3.999064785600184,3.999064785600184
634,0.2692692692692693,3.94974175467827,3.94974175467827
635,0.27127127127127126,4.076719438588809,4.076719438588809
636,0.2732732732732732,3.9638125102897352,3.9638125102897352
637,0.2752752752752752,4.005034855305848,4.005034855305848
638,0.27727727727727736,3.9418791729338207,3.9418791729338207
639,0.2792792792792793,4.035942956576795,4.035942956576795
640,0.28128128128128127,3.9438742064442027,3.9438742064442027
641,0.2832832832832832,3.9939639902577664,3.9939639902577664
642,0.2852852852852852,3.918911063787071,3.918911063787071
643,0.28728728728728736,3.94804449011463,3.94804449011463
644,0.2892892892892893,4.006912092170662,4.006912092170662
645,0.2912912912912913,3.9610561926608967,3.9610561926608967
646,0.29329329329329323,3.9819621210757115,3.9819621210757115
647,0.2952952952952952,3.9807469381912024,3.9807469381912024
648,0.29729729729729737,3.937253796535168,3.937253796535168
649,0.2992992992992993,3.9380360727988024,3.9380360727988024
650,0.3013013013013013,4.074459877157718,4.074459877157718
651,0.30330330330330324,4.004145009716618,4.004145009716618
652,0.3053053053053052,3.9560960321327534,3.9560960321327534
653,0.3073073073073074,4.068031617461257,4.068031617461257
654,0.30930930930930933,4.006806352011467,4.006806352011467
655,0.3113113113113113,4.027435949060823,4.027435949060823
656,0.31331331331331325,3.938387538867839,3.938387538867839
657,0.3153153153153152,4.079162748549831,4.079162748549831
658,0.3173173173173174,3.975549417924423,3.975549417924423
659,0.31931931931931934,4.024343534600411,4.024343534600411
660,0.3213213213213213,3.9900132826958816,3.9900132826958816
661,0.32332332332332325,4.053581525733586,4.053581525733586
662,0.3253253253253252,3.9478046115377943,3.9478046115377943
663,0.3273273273273274,3.9340125677076596,3.9340125677076596
664,0.32932932932932935,3.995647108502264,3.995647108502264
665,0.3313313313313313,4.028645593682141,4.028645593682141
666,0.33333333333333326,4.090376328161268,4.090376328161268
667,0.3353353353353352,3.9928877456011307,3.9928877456011307
668,0.3373373373373374,3.9587797114693846,3.9587797114693846
669,0.33933933933933935,3.9592961241314373,3.9592961241314373
670,0.3413413413413413,3.9862566142100615,3.9862566142100615
671,0.34334334334334327,4.081100285053072,4.081100285053072
672,0.3453453453453452,3.946292329920433,3.946292329920433
673,0.3473473473473474,4.0232321328139875,4.0232321328139875
674,0.34934934934934936,4.0235709100592905,4.0235709100592905
675,0.3513513513513513,3.9979615807053865,3.9979615807053865
676,0.35335335335335327,3.9582912579117644,3.9582912579117644
677,0.35535535535535545,4.079997689485056,4.079997689485056
678,0.3573573573573574,3.9228632174378357,3.9228632174378357
679,0.35935935935935936,3.967970617891828,3.967970617891828
680,0.3613613613613613,4.0427309644116765,4.0427309644116765
681,0.3633633633633633,4.004703201501439,4.004703201501439
682,0.36536536536536546,3.952541115300796,3.952541115300796
683,0.3673673673673674,4.044957536382292,4.044957536382292
684,0.36936936936936937,4.030978584044799,4.030978584044799
685,0.37137137137137133,3.957268143860363,3.957268143860363
686,0.3733733733733733,3.974653959746089,3.974653959746089
687,0.37537537537537546,4.061702122150638,4.061702122150638
688,0.3773773773773774,3.9701926541359525,3.9701926541359525
689,0.3793793793793794,3.981017778919171,3.981017778919171
690,0.38138138138138133,3.9472412021677576,3.9472412021677576
691,0.3833833833833833,3.997287130540605,3.997287130540605
692,0.38538538538538547,3.969268768056011,3.969268768056011
693,0.3873873873873874,4.006819179918634,4.006819179918634
694,0.3893893893893894,4.09559530460789,4.09559530460789
695,0.39139139139139134,4.054019081693745,4.054019081693745
696,0.3933933933933933,4.020713470943497,4.020713470943497
697,0.3953953953953955,3.938440849907959,3.938440849907959
698,0.39739739739739743,4.0283662171482595,4.0283662171482595
699,0.3993993993993994,3.9655954411865793,3.9655954411865793
700,0.40140140140140135,3.9569555253248465,3.9569555253248465
701,0.4034034034034033,4.060924320736867,4.060924320736867
702,0.4054054054054055,3.9338413029246064,3.9338413029246064
703,0.40740740740740744,4.059439285987689,4.059439285987689
704,0.4094094094094094,3.910566340652103,3.910566340652103
705,0.41141141141141135,3.9366013608679298,3.9366013608679298
706,0.4134134134134133,4.0431274463816935,4.0431274463816935
707,0.4154154154154155,3.9495477317653305,3.9495477317653305
708,0.41741741741741745,3.9672282828840983,3.9672282828840983
709,0.4194194194194194,3.968649153518915,3.968649153518915
710,0.42142142142142136,4.086106894832928,4.086106894832928
711,0.4234234234234233,3.9774396960557867,3.9774396960557867
712,0.4254254254254255,4.0244832994588435,4.0244832994588435
713,0.42742742742742745,3.957564423252193,3.957564423252193
714,0.4294294294294294,3.961598131006769,3.961598131006769
715,0.43143143143143137,4.005275943070159,4.005275943070159
716,0.4334334334334333,4.000336216866002,4.000336216866002
717,0.4354354354354355,4.035528669811282,4.035528669811282
718,0.43743743743743746,4.015009114045386,4.015009114045386
719,0.4394394394394394,3.98086071110705,3.98086071110705
720,0.4414414414414414,4.005848136098812,4.005848136098812
721,0.44344344344344333,4.050474459762812,4.050474459762812
722,0.4454454454454455,4.0920558001269,4.0920558001269
723,0.44744744744744747,3.9651405732893394,3.9651405732893394
724,0.4494494494494494,3.8942692391687714,3.8942692391687714
725,0.4514514514514514,4.058130124217087,4.058130124217087
726,0.45345345345345334,4.01806232522738,4.01806232522738
727,0.4554554554554555,3.9474826474636906,3.9474826474636906
728,0.4574574574574575,4.017073882409272,4.017073882409272
729,0.45945945945945943,4.070373009861697,4.070373009861697
730,0.4614614614614614,4.050193168056762,4.050193168056762
731,0.46346346346346334,4.121129382297713,4.121129382297713
732,0.4654654654654655,4.035949884936271,4.035949884936271
733,0.4674674674674675,4.003036746742469,4.003036746742469
734,0.46946946946946944,4.066546695420503,4.066546695420503
735,0.4714714714714714,4.025322728058642,4.025322728058642
736,0.47347347347347357,4.043932015370327,4.043932015370327
737,0.47547547547547553,4.040163768378584,4.040163768378584
738,0.4774774774774775,3.940151322654714,3.940151322654714
739,0.47947947947947944,4.0250917189014315,4.0250917189014315
740,0.4814814814814814,3.9833982490703206,3.9833982490703206
741,0.4834834834834836,3.9574224243163916,3.9574224243163916
742,0.48548548548548554,4.04315412866647,4.04315412866647
743,0.4874874874874875,3.9932713150855093,3.9932713150855093
744,0.48948948948948945,4.011225435746333,4.011225435746333
745,0.4914914914914914,3.9709177104451956,3.9709177104451956
746,0.4934934934934936,4.028054804033659,4.028054804033659
747,0.49549549549549554,3.9746210085334113,3.9746210085334113
748,0.4974974974974975,3.959226669193844,3.959226669193844
749,0.49949949949949946,4.1039827013912475,4.1039827013912475
750,0.5015015015015014,4.06065895193673,4.06065895193673
751,0.5035035035035036,4.07490580885576,4.07490580885576
752,0.5055055055055055,3.9737132810559004,3.9737132810559004
753,0.5075075075075075,4.003617504457147,4.003617504457147
754,0.5095095095095095,4.040347010279269,4.040347010279269
755,0.5115115115115114,4.003464288097563,4.003464288097563
756,0.5135135135135136,4.090808593495539,4.090808593495539
757,0.5155155155155156,4.012141962051544,4.012141962051544
758,0.5175175175175175,4.003907372230919,4.003907372230919
759,0.5195195195195195,3.9775350685055164,3.9775350685055164
760,0.5215215215215214,3.823378856936917,3.823378856936917
761,0.5235235235235236,3.939549156961622,3.939549156961622
762,0.5255255255255256,3.9118697089814476,3.9118697089814476
763,0.5275275275275275,3.9225057390326876,3.9225057390326876
764,0.5295295295295295,3.9262955954438423,3.9262955954438423
765,0.5315315315315314,4.016871306392767,4.016871306392767
766,0.5335335335335336,4.001488099856016,4.001488099856016
767,0.5355355355355356,4.0273063523557315,4.0273063523557315
768,0.5375375375375375,3.986192883254236,3.986192883254236
769,0.5395395395395395,4.0119099742987165,4.0119099742987165
770,0.5415415415415414,3.9763396735444636,3.9763396735444636
771,0.5435435435435436,3.9816262915446536,3.9816262915446536
772,0.5455455455455456,4.009157565236967,4.009157565236967
773,0.5475475475475475,4.052705884695745,4.052705884695745
774,0.5495495495495495,4.0502578137899246,4.0502578137899246
775,0.5515515515515514,3.927073687073902,3.927073687073902
776,0.5535535535535536,4.019691169105449,4.019691169105449
777,0.5555555555555556,3.9255886579980896,3.9255886579980896
778,0.5575575575575575,3.9865615438992767,3.9865615438992767
779,0.5595595595595595,4.064790210923695,4.064790210923695
780,0.5615615615615615,4.012867566860379,4.012867566860379
781,0.5635635635635636,4.013375008249276,4.013375008249276
782,0.5655655655655656,4.039540196132541,4.039540196132541
783,0.5675675675675675,4.045007391393107,4.045007391393107
784,0.5695695695695695,4.008153915335008,4.008153915335008
785,0.5715715715715715,4.085190595929677,4.085190595929677
786,0.5735735735735736,3.968684966230724,3.968684966230724
787,0.5755755755755756,3.989959777331201,3.989959777331201
788,0.5775775775775776,4.034394182873297,4.034394182873297
789,0.5795795795795795,4.00143132531569,4.00143132531569
790,0.5815815815815815,4.082943513440601,4.082943513440601
791,0.5835835835835836,4.013129991721914,4.013129991721914
792,0.5855855855855856,4.023821743628331,4.023821743628331
793,0.5875875875875876,3.9679219034216646,3.9679219034216646
794,0.5895895895895895,3.978165315590486,3.978165315590486
795,0.5915915915915915,3.9876034780740435,3.9876034780740435
796,0.5935935935935936,4.079918857098446,4.079918857098446
797,0.5955955955955956,3.91043437627291,3.91043437627291
798,0.5975975975975976,4.023047093070712,4.023047093070712
799,0.5995995995995995,3.912976067121821,3.912976067121821
800,0.6016016016016015,4.063060735032762,4.063060735032762
801,0.6036036036036037,4.009588463486791,4.009588463486791
802,0.6056056056056056,4.055455242630367,4.055455242630367
803,0.6076076076076076,4.001459796515223,4.001459796515223
804,0.6096096096096095,3.9679734614165154,3.9679734614165154
805,0.6116116116116117,4.066626566469866,4.066626566469866
806,0.6136136136136137,4.013611923509931,4.013611923509931
807,0.6156156156156156,4.002623074374509,4.002623074374509
808,0.6176176176176176,4.029645753849433,4.029645753849433
809,0.6196196196196195,3.9919808885511596,3.9919808885511596
810,0.6216216216216217,3.9355690570213833,3.9355690570213833
811,0.6236236236236237,3.9822975810033956,3.9822975810033956
812,0.6256256256256256,3.9466180793488372,3.9466180793488372
813,0.6276276276276276,3.984411428352907,3.984411428352907
814,0.6296296296296295,3.892429713558201,3.892429713558201
815,0.6316316316316317,3.995530771414047,3.995530771414047
816,0.6336336336336337,4.011013366301404,4.011013366301404
817,0.6356356356356356,4.006343793343655,4.006343793343655
818,0.6376376376376376,4.003379954122745,4.003379954122745
819,0.6396396396396395,4.014331442312188,4.014331442312188
820,0.6416416416416417,4.032946198684716,4.032946198684716
821,0.6436436436436437,4.037039312891877,4.037039312891877
822,0.6456456456456456,4.03184919144111,4.03184919144111
823,0.6476476476476476,4.055931780999725,4.055931780999725
824,0.6496496496496496,3.95565781255808,3.95565781255808
825,0.6516516516516517,4.020214963794746,4.020214963794746
826,0.6536536536536537,4.104394173678751,4.104394173678751
827,0.6556556556556556,4.030216239654766,4.030216239654766
828,0.6576576576576576,3.9765174931239353,3.9765174931239353
829,0.6596596596596596,3.950004014805607,3.950004014805607
830,0.6616616616616617,4.005159644359051,4.005159644359051
831,0.6636636636636637,3.9273191577043045,3.9273191577043045
832,0.6656656656656657,3.982336816124075,3.982336816124075
833,0.6676676676676676,4.001381413787361,4.001381413787361
834,0.6696696696696696,3.9825939069499134,3.9825939069499134
835,0.6716716716716717,4.039704433243743,4.039704433243743
836,0.6736736736736737,4.088800953584748,4.088800953584748
837,0.6756756756756757,3.955118096714356,3.955118096714356
838,0.6776776776776776,4.085228071543547,4.085228071543547
839,0.6796796796796796,3.961677645138596,3.961677645138596
840,0.6816816816816818,3.9960502285470394,3.9960502285470394
841,0.6836836836836837,4.052774100125913,4.052774100125913
842,0.6856856856856857,4.011978068635819,4.011978068635819
843,0.6876876876876876,4.032728260409503,4.032728260409503
844,0.6896896896896896,4.033545245647846,4.033545245647846
845,0.6916916916916918,4.105023144228764,4.105023144228764
846,0.6936936936936937,3.964214897687129,3.964214897687129
847,0.6956956956956957,3.9522298233956237,3.9522298233956237
848,0.6976976976976976,3.9431847181494386,3.9431847181494386
849,0.6996996996996996,4.037494862300272,4.037494862300272
850,0.7017017017017018,4.025423944549054,4.025423944549054
851,0.7037037037037037,3.951566366119786,3.951566366119786
852,0.7057057057057057,3.927779473903421,3.927779473903421
853,0.7077077077077076,4.001440815289705,4.001440815289705
854,0.7097097097097096,3.9305699783286356,3.9305699783286356
855,0.7117117117117118,4.050709636105217,4.050709636105217
856,0.7137137137137137,4.06020642543328,4.06020642543328
857,0.7157157157157157,4.01497290922269,4.01497290922269
858,0.7177177177177176,3.9805586117520737,3.9805586117520737
859,0.7197197197197196,4.0591879626925085,4.0591879626925085
860,0.7217217217217218,4.020192974337302,4.020192974337302
861,0.7237237237237237,4.006671336442466,4.006671336442466
862,0.7257257257257257,4.07697126830047,4.07697126830047
863,0.7277277277277276,4.095918872508717,4.095918872508717
864,0.7297297297297298,4.068710097089101,4.068710097089101
865,0.7317317317317318,4.03888825696612,4.03888825696612
866,0.7337337337337337,3.9388429981163973,3.9388429981163973
867,0.7357357357357357,4.008855671457439,4.008855671457439
868,0.7377377377377377,4.019681931114373,4.019681931114373
869,0.7397397397397398,3.979954014194205,3.979954014194205
870,0.7417417417417418,4.046050569718284,4.046050569718284
871,0.7437437437437437,4.000247890018699,4.000247890018699
872,0.7457457457457457,3.985830278184687,3.985830278184687
873,0.7477477477477477,3.930570792064453,3.930570792064453
874,0.7497497497497498,3.950428749116585,3.950428749116585
875,0.7517517517517518,3.9364615582187192,3.9364615582187192
876,0.7537537537537538,4.060816332513155,4.060816332513155
877,0.7557557557557557,4.084656741046874,4.084656741046874
878,0.7577577577577577,4.109712127894417,4.109712127894417
879,0.7597597597597598,3.936516240852752,3.936516240852752
880,0.7617617617617618,3.9697925027220538,3.9697925027220538
881,0.7637637637637638,4.057284629862383,4.057284629862383
882,0.7657657657657657,3.8972876802182905,3.8972876802182905
883,0.7677677677677677,4.0706208188705375,4.0706208188705375
884,0.7697697697697699,4.044351445563376,4.044351445563376
885,0.7717717717717718,4.087656709669937,4.087656709669937
886,0.7737737737737738,4.068784492081915,4.068784492081915
887,0.7757757757757757,3.979493757529243,3.979493757529243
888,0.7777777777777777,4.025546659835387,4.025546659835387
889,0.7797797797797799,3.9526990981051378,3.9526990981051378
890,0.7817817817817818,3.9879451414303384,3.9879451414303384
891,0.7837837837837838,3.9814622463984786,3.9814622463984786
892,0.7857857857857857,4.010116078288184,4.010116078288184
893,0.7877877877877877,4.05958405805024,4.05958405805024
894,0.7897897897897899,4.032585487958704,4.032585487958704
895,0.7917917917917918,4.0476001315180286,4.0476001315180286
896,0.7937937937937938,3.9986162279368194,3.9986162279368194
897,0.7957957957957957,4.022389566505844,4.022389566505844
898,0.7977977977977977,4.013119381546054,4.013119381546054
899,0.7997997997997999,4.013079818339313,4.013079818339313
900,0.8018018018018018,4.068344357837452,4.068344357837452
901,0.8038038038038038,4.08269163536751,4.08269163536751
902,0.8058058058058057,4.009894548260146,4.009894548260146
903,0.8078078078078077,4.031982069816591,4.031982069816591
904,0.8098098098098099,4.0029865277537455,4.0029865277537455
905,0.8118118118118118,4.047129750542845,4.047129750542845
906,0.8138138138138138,3.979414103752304,3.979414103752304
907,0.8158158158158157,3.975106447850301,3.975106447850301
908,0.8178178178178177,3.943795566794654,3.943795566794654
909,0.8198198198198199,3.975990211191416,3.975990211191416
910,0.8218218218218218,3.9816851262190838,3.9816851262190838
911,0.8238238238238238,4.036145547167955,4.036145547167955
912,0.8258258258258258,4.042367676998414,4.042367676998414
913,0.8278278278278277,3.879393915969164,3.879393915969164
914,0.8298298298298299,3.8977403595029316,3.8977403595029316
915,0.8318318318318318,3.9848440202382704,3.9848440202382704
916,0.8338338338338338,3.95680440811127,3.95680440811127
917,0.8358358358358358,3.9395787581362205,3.9395787581362205
918,0.8378378378378377,4.0224309818167425,4.0224309818167425
919,0.8398398398398399,4.000644845271527,4.000644845271527
920,0.8418418418418419,4.058320128145286,4.058320128145286
921,0.8438438438438438,3.9534077244754116,3.9534077244754116
922,0.8458458458458458,3.912844117651887,3.912844117651887
923,0.8478478478478477,3.963324756765765,3.963324756765765
924,0.8498498498498499,3.946000883916365,3.946000883916365
925,0.8518518518518519,3.972388054741965,3.972388054741965
926,0.8538538538538538,3.9417057756550045,3.9417057756550045
927,0.8558558558558558,4.062367882223875,4.062367882223875
928,0.8578578578578577,4.036064371098876,4.036064371098876
929,0.8598598598598599,3.8778325539380276,3.8778325539380276
930,0.8618618618618619,4.028368277136566,4.028368277136566
931,0.8638638638638638,4.022110705683314,4.022110705683314
932,0.8658658658658658,3.876155760359181,3.876155760359181
933,0.867867867867868,4.036847106861808,4.036847106861808
934,0.8698698698698699,4.0130317239068996,4.0130317239068996
935,0.8718718718718719,4.015885635817068,4.015885635817068
936,0.8738738738738738,3.9907139193414354,3.9907139193414354
937,0.8758758758758758,3.918192039611458,3.918192039611458
938,0.877877877877878,4.003737789359869,4.003737789359869
939,0.8798798798798799,3.998723120265539,3.998723120265539
940,0.8818818818818819,3.97830344629732,3.97830344629732
941,0.8838838838838838,3.941934238220248,3.941934238220248
942,0.8858858858858858,3.9909655797391994,3.9909655797391994
943,0.887887887887888,4.0636758191136035,4.0636758191136035
944,0.8898898898898899,4.064921004256329,4.064921004256329
945,0.8918918918918919,3.9839766692639316,3.9839766692639316
946,0.8938938938938938,4.016618028453167,4.016618028453167
947,0.8958958958958958,4.0531222805456375,4.0531222805456375
948,0.897897897897898,3.9681842354664285,3.9681842354664285
949,0.8998998998998999,3.9813992625583907,3.9813992625583907
950,0.9019019019019019,3.8813307839112583,3.8813307839112583
951,0.9039039039039038,3.9853188700540514,3.9853188700540514
952,0.9059059059059058,4.065689293091277,4.065689293091277
953,0.907907907907908,3.979148177718719,3.979148177718719
954,0.9099099099099099,3.9633596255246215,3.9633596255246215
955,0.9119119119119119,3.9657251968257876,3.9657251968257876
956,0.9139139139139139,3.9013727690211883,3.9013727690211883
957,0.9159159159159158,3.9924915307451285,3.9924915307451285
958,0.917917917917918,3.9542413595291803,3.9542413595291803
959,0.91991991991992,4.012927299656182,4.012927299656182
960,0.9219219219219219,3.9886289346398995,3.9886289346398995
961,0.9239239239239239,3.97877125863639,3.97877125863639
962,0.9259259259259258,3.986965096952738,3.986965096952738
963,0.927927927927928,3.9417311780413025,3.9417311780413025
964,0.92992992992993,4.017147940579125,4.017147940579125
965,0.9319319319319319,3.909579288308015,3.909579288308015
966,0.9339339339339339,4.007385069890712,4.007385069890712
967,0.9359359359359358,3.99337662871259,3.99337662871259
968,0.937937937937938,4.056236270514651,4.056236270514651
969,0.93993993993994,4.024647747836234,4.024647747836234
970,0.9419419419419419,4.034459011177459,4.034459011177459
971,0.9439439439439439,3.9964277074918906,3.9964277074918906
972,0.9459459459459458,3.9551866069800803,3.9551866069800803
973,0.947947947947948,3.948875938699783,3.948875938699783
974,0.94994994994995,3.9534348712005123,3.9534348712005123
975,0.9519519519519519,4.017398282861953,4.017398282861953
976,0.9539539539539539,4.083452794806653,4.083452794806653
977,0.9559559559559558,4.050038024538726,4.050038024538726
978,0.957957957957958,4.039939200244134,4.039939200244134
979,0.95995995995996,3.9673256856900876,3.9673256856900876
980,0.9619619619619619,3.9739125249031377,3.9739125249031377
981,0.9639639639639639,4.029842400907442,4.029842400907442
982,0.9659659659659658,4.019178814789875,4.019178814789875
983,0.967967967967968,4.070635526361223,4.070635526361223
984,0.96996996996997,4.088600650538063,4.088600650538063
985,0.9719719719719719,4.030570056881646,4.030570056881646
986,0.9739739739739739,3.9483323496342764,3.9483323496342764
987,0.9759759759759759,3.957131555406935,3.957131555406935
988,0.977977977977978,3.921799272030703,3.921799272030703
989,0.97997997997998,4.121245091197296,4.121245091197296
990,0.9819819819819819,4.035107916823794,4.035107916823794
991,0.9839839839839839,4.052342620163164,4.052342620163164
992,0.9859859859859861,3.9829857494074616,3.9829857494074616
993,0.987987987987988,4.045669755962515,4.045669755962515
994,0.98998998998999,4.030908977624231,4.030908977624231
995,0.991991991991992,3.9990708233088705,3.9990708233088705
996,0.9939939939939939,4.012516267859317,4.012516267859317
997,0.9959959959959961,4.00659007902531,4.00659007902531
998,0.997997997997998,4.034904329098357,4.034904329098357
999,1.0,4.0235655452289745,4.0235655452289745
1000,0.7969622248871684,0.11073945138314001,0.11073945138314001
1001,0.5753512042681486,0.03492370421660029,0.03492370421660029
1002,-0.7353499200475315,0.04367733726432313,0.04367733726432313
1003,-0.8107853785520789,0.14388570172239912,0.14388570172239912
1004,-0.6044160706845305,0.10174967100803976,0.10174967100803976
1005,-0.4534077054249712,0.3397124943388579,0.3397124943388579
1006,-0.3672350720430049,0.4472623095895252,0.4472623095895252
1007,0.19096741872624468,0.8693681207848548,0.8693681207848548
1008,-0.14100541955792556,0.94421074202894,0.94421074202894
1009,0.05878443884831319,1.03376351556977,1.03376351556977
1010,0.2740203816288125,0.6813252338083274,0.6813252338083274
1011,0.05749736533458827,1.0249660814647767,1.0249660814647767
1012,0.9785526264804387,0.8237540123890441,0.8237540123890441
1013,0.7782142682877002,-0.0016886645361428587,-0.0016886645361428587
1014,0.4943283221831545,0.2780363519030755,0.2780363519030755
1015,-0.6303760608880682,0.1210146441053086,0.1210146441053086
1016,0.5474080724853527,0.19504008613808738,0.19504008613808738
1017,-0.782258894457684,0.053326594551815494,0.053326594551815494
1018,-0.41182420538550457,0.467388644074339,0.467388644074339
1019,0.7024073815962519,-0.12252525992269404,-0.12252525992269404
1020,0.4820466031628621,0.24739353850775536,0.24739353850775536
1021,-0.16540376819278269,0.8965607279387072,0.8965607279387072
1022,0.4279105424545764,0.3729846676232918,0.3729846676232918
1023,-0.2883191500286739,0.6786014770417842,0.6786014770417842
1024,-0.3934919157080732,0.433986554724353,0.433986554724353
1025,0.6938642490221432,0.052128926092521795,0.052128926092521795
1026,0.375701598795795,0.47816624129302243,0.47816624129302243
1027,0.9323863810787545,0.49431165446393643,0.49431165446393643
1028,-0.3592871909703459,0.5578351403945288,0.5578351403945288
1029,-0.15446108144507353,0.8791485327139802,0.8791485327139802
1030,0.4757035963934435,0.32352259617120765,0.32352259617120765
1031,0.9296328657790816,0.5830702671821747,0.5830702671821747
1032,-0.5927938971793278,0.1750978826229702,0.1750978826229702
1033,-0.40058740534794524,0.3940164786817367,0.3940164786817367
1034,-0.5686537782710968,0.21357205352680503,0.21357205352680503
1035,-0.261743031938126,0.7415574647762684,0.7415574647762684
1036,0.7297530290665801,0.1023009340912376,0.1023009340912376
1037,0.8113691627191073,0.0519635070543333,0.0519635070543333
1038,0.15863631905361109,0.9170045909414515,0.9170045909414515
1039,-0.88184900005174,0.16229982399806078,0.16229982399806078
1040,-0.16303836104280278,0.8883065474077002,0.8883065474077002
1041,0.12258861538008659,0.9801547836717461,0.9801547836717461
1042,-0.7276747377297843,0.1071532082470093,0.1071532082470093
1043,0.8156209885660985,0.16306532660358894,0.16306532660358894
1044,-0.9009385196970268,0.38141033342594793,0.38141033342594793
1045,-0.3384982926601563,0.5894647915224988,0.5894647915224988
1046,0.9090052118049448,0.3992139765449891,0.3992139765449891
1047,0.985713304957136,0.861480938338835,0.861480938338835
1048,-0.47988857629640536,0.3460586232820553,0.3460586232820553
1049,-0.059851993405678705,0.9995294520652994,0.9995294520652994
1050,0.14589347810384834,0.9039045496646434,0.9039045496646434
1051,-0.06090378744217473,0.9675929296854021,0.9675929296854021
1052,-0.3265082384739515,0.6840091146524673,0.6840091146524673
1053,0.17391543045120605,0.8989559653548814,0.8989559653548814
1054,-0.7194118138145542,-0.013758734146614653,-0.013758734146614653
1055,-0.7879697439316653,0.08296192233528135,0.08296192233528135
1056,-0.47521073713665274,0.29046212250693226,0.29046212250693226
1057,-0.8418386652258956,0.22856509477038098,0.22856509477038098
1058,-0.3657743180603301,0.5325317823563752,0.5325317823563752
1059,0.19330738629010114,0.839414005541077,0.839414005541077
1060,0.2243901481387529,0.8601942635653654,0.8601942635653654
1061,-0.8776662854085342,0.2777205126266285,0.2777205126266285
1062,0.6380355305739711,0.14364319327981312,0.14364319327981312
1063,-0.8549312207387745,0.2557686090080824,0.2557686090080824
1064,0.43671054758628625,0.25533123081995923,0.25533123081995923
1065,0.6357254416266966,0.026930249605682695,0.026930249605682695
1066,0.6817276472184228,0.05490631816877673,0.05490631816877673
1067,-0.6082546641438806,0.024571298980945087,0.024571298980945087
1068,0.8975567181102029,0.33248180912524067,0.33248180912524067
1069,-0.8301223303629977,0.09937189161560092,0.09937189161560092
1070,-0.5049519273732788,0.24565584890119296,0.24565584890119296
1071,-0.16592901154305761,0.926912775668802,0.926912775668802
1072,0.7063580673288268,-0.04430063534264934,-0.04430063534264934
1073,0.37447795217615054,0.5439881308962603,0.5439881308962603
1074,0.9373313117683235,0.49440651597986984,0.49440651597986984
1075,0.23981950365951654,0.903750281038758,0.903750281038758
1076,0.16706103512273862,0.934885550586752,0.934885550586752
1077,-0.45405770197782425,0.3321999881001824,0.3321999881001824
1078,-0.48891009750715764,0.4206412417469496,0.4206412417469496
1079,-0.7187925587665751,0.0015607017756374768,0.0015607017756374768
1080,-0.20664533938169205,0.7345527014064839,0.7345527014064839
1081,0.7176659344282035,-0.02048955624285528,-0.02048955624285528
1082,-0.861134214212224,0.20115109936808917,0.20115109936808917
1083,0.8288859287952055,0.17112829500714044,0.17112829500714044
1084,-0.7415054092323536,0.062392034521007056,0.062392034521007056
1085,-0.5056865073503398,0.15845868724177875,0.15845868724177875
1086,-0.7655466477692323,0.032465892576256906,0.032465892576256906
1087,-0.0857283062535652,1.046107813006153,1.046107813006153
1088,0.19799201666046828,0.8704607086982703,0.8704607086982703
1089,0.8126763020110084,0.06211675841436859,0.06211675841436859
1090,0.7550207508895872,0.023060659100295637,0.023060659100295637
1091,-0.5656344383591039,0.13098752320903329,0.13098752320903329
1092,0.8195909884748351,0.07952410530423033,0.07952410530423033
1093,-0.09591500447327905,1.0171620764132767,1.0171620764132767
1094,0.21302588480003393,0.8956286962258384,0.8956286962258384
1095,-0.2000052000201069,0.8941450116747397,0.8941450116747397
1096,0.9548241244649616,0.667655337762342,0.667655337762342
1097,-0.2529069196358871,0.8773645803885207,0.8773645803885207
1098,0.475845979478168,0.23835900578406322,0.23835900578406322
1099,0.5394585437523984,0.1318894924660716,0.1318894924660716
1100,-0.2761267786238395,0.8005103520669671,0.8005103520669671
1101,-0.5917362082347835,0.1290369487255708,0.1290369487255708
1102,-0.7431140515919481,0.03547188010186077,0.03547188010186077
1103,0.8009849929892237,0.013048171147592949,0.013048171147592949
1104,-0.38878213123363703,0.5149744160952296,0.5149744160952296
1105,-0.27353904081534974,0.6055587387574144,0.6055587387574144
1106,-0.7867066295562171,0.02757463838212732,0.02757463838212732
1107,-0.7806496238998988,0.04342769339290463,0.04342769339290463
1108,0.031951074257285494,0.9954719068535478,0.9954719068535478
1109,-0.7062741119208946,0.031217244115387795,0.031217244115387795
1110,0.0024483390581604425,0.9574008380277121,0.9574008380277121
1111,-0.16285608352324688,0.8947134434396709,0.8947134434396709
1112,0.09902960434297348,0.8283171609308553,0.8283171609308553
1113,-0.34478384076936885,0.5226389867145239,0.5226389867145239
1114,-0.4903413982715128,0.3012507560853787,0.3012507560853787
1115,0.06681892900759667,0.9868244707306084,0.9868244707306084
1116,-0.8061429196573922,0.14144259808782217,0.14144259808782217
1117,0.08769496829496726,1.0456905288446223,1.0456905288446223
1118,0.3598717341389317,0.5336877759257845,0.5336877759257845
1119,-0.943880667481859,0.7334124255895491,0.7334124255895491
1120,-0.6061029611236051,0.0537328803345838,0.0537328803345838
1121,0.714082340203569,-0.06851909422469818,-0.06851909422469818
1122,-0.3911540162020666,0.4688299796493148,0.4688299796493148
1123,0.893280368296671,0.3122423706012688,0.3122423706012688
1124,0.4326829012553004,0.294633028444233,0.294633028444233
1125,0.3593364091029707,0.5450784941411025,0.5450784941411025
1126,-0.009953617295379802,0.9103332045551545,0.9103332045551545
1127,0.10054657710431347,1.0146289574450054,1.0146289574450054
1128,0.752510356447915,0.0612376997578908,0.0612376997578908
1129,-0.5977226517237098,0.07415651615413521,0.07415651615413521
1130,0.2666026851073964,0.7626230774070741,0.7626230774070741
1131,-0.1705526437446252,0.9352415008566536,0.9352415008566536
1132,-0.7052977824075719,0.019287644066835537,0.019287644066835537
1133,0.526719141256043,0.140969730460472,0.140969730460472
1134,0.7774596270820262,0.08150913910066435,0.08150913910066435
1135,0.2715000053425125,0.7295088897816688,0.7295088897816688
1136,-0.5519103507029612,0.14059666047194225,0.14059666047194225
1137,0.7985649528357517,0.06994842254140657,0.06994842254140657
1138,0.38824748194246594,0.4878170104577174,0.4878170104577174
1139,0.7200231786513998,-0.009818354480286309,-0.009818354480286309
1140,0.3234323018387848,0.6269295892133138,0.6269295892133138
1141,0.964636236131637,0.866760914397363,0.866760914397363
1142,0.034112624211055875,0.9586460733791374,0.9586460733791374
1143,-0.2172846142179099,0.8329817337695465,0.8329817337695465
1144,0.7244935650776136,-0.030294805049044415,-0.030294805049044415
1145,0.8024407791246759,0.015082045487079462,0.015082045487079462
1146,0.9201531726249419,0.4070349942260587,0.4070349942260587
1147,-0.1498759126543514,0.8798378881502538,0.8798378881502538
1148,-0.6137353706115507,0.10316864341197976,0.10316864341197976
1149,0.008604475498038111,1.0087596099071197,1.0087596099071197
1150,0.12472442294307196,0.930377483856557,0.930377483856557
1151,0.44274401785303774,0.2986130847664768,0.2986130847664768
1152,-0.7056990554604754,-0.08670644056815537,-0.08670644056815537
1153,0.32492285556970457,0.57904863139795,0.57904863139795
1154,0.9920321160752175,1.0545778921522257,1.0545778921522257
1155,-0.3625959877570939,0.6219473492319653,0.6219473492319653
1156,-0.48230554872705067,0.3539482768258567,0.3539482768258567
1157,-0.18953398522121678,0.8082824449733873,0.8082824449733873
1158,-0.8900879244373416,0.3883755019184962,0.3883755019184962
1159,0.9699428632361151,0.7702507405275765,0.7702507405275765
1160,-0.7293461349453849,0.04970265277570307,0.04970265277570307
1161,0.36889979549390506,0.614651540712607,0.614651540712607
1162,0.6035442045116644,0.1342878845484385,0.1342878845484385
1163,-0.6567851941809928,-0.00640774322437173,-0.00640774322437173
1164,0.9727226381126868,0.7790095563553906,0.7790095563553906
1165,-0.4811230947468117,0.29073586748357644,0.29073586748357644
1166,-0.06432673553433221,1.0810717725628043,1.0810717725628043
1167,-0.6150701830568306,0.0735294308306492,0.0735294308306492
1168,0.8556507414577728,0.1462128167888496,0.1462128167888496
1169,0.7098715925628531,0.0010717205114143492,0.0010717205114143492
1170,0.8109774683035744,0.04067156628304884,0.04067156628304884
1171,-0.8964241593892148,0.34543579909475075,0.34543579909475075
1172,0.20925580613021832,0.897703421962653,0.897703421962653
1173,-0.3810859539570899,0.4441641633530368,0.4441641633530368
1174,-0.7374192825091477,-0.07265372280868788,-0.07265372280868788
1175,-0.38262651693826455,0.4920823665460984,0.4920823665460984
1176,-0.3221692277046846,0.6093095202006206,0.6093095202006206
1177,0.5800787148240774,0.12064708127926219,0.12064708127926219
1178,-0.4164372739230542,0.4910554051129241,0.4910554051129241
1179,0.1525273182283784,0.8645446429053538,0.8645446429053538
1180,0.8358086978209407,0.14112493027825979,0.14112493027825979
1181,-0.6567209107473921,0.0398362656981967,0.0398362656981967
1182,-0.22479804612239618,0.7851994027414729,0.7851994027414729
1183,0.334254723604851,0.5106148213536821,0.5106148213536821
1184,0.6480381055652207,0.018677025807164984,0.018677025807164984
1185,0.954679586841964,0.7218501007555898,0.7218501007555898
1186,0.08948057287500966,0.9708505503550859,0.9708505503550859
1187,-0.6503394740529727,-0.04213320159232524,-0.04213320159232524
1188,-0.9729154007437968,0.6842967981985806,0.6842967981985806
1189,0.652634991599558,-0.052323610938955156,-0.052323610938955156
1190,-0.8711888968112445,0.3140066965605811,0.3140066965605811
1191,-0.36168232614205076,0.5879779407020322,0.5879779407020322
1192,0.19870729037240786,0.8593779692786387,0.8593779692786387
1193,0.26086821680318706,0.7731733409027388,0.7731733409027388
1194,0.00915105422902851,1.0325296339590637,1.0325296339590637
1195,-0.03825112544653786,0.964445825167328,0.964445825167328
1196,0.32884974838443926,0.6229380026255639,0.6229380026255639
1197,-0.7814941471694856,0.01416693318610402,0.01416693318610402
1198,0.662526742339621,0.05360924484907045,0.05360924484907045
1199,-0.34674136957289514,0.5923826861119749,0.5923826861119749
1200,-0.680826957341687,-0.008882883681774185,-0.008882883681774185
1201,-0.1152101191999928,1.0271587704022107,1.0271587704022107
1202,0.2647835947770487,0.7658520651161158,0.7658520651161158
1203,-0.02668225190258333,0.9696714962800639,0.9696714962800639
1204,-0.4646525926208742,0.280576631011463,0.280576631011463
1205,0.1764005210890327,0.8421754554126629,0.8421754554126629
1206,0.5726905496832937,0.10494065236425068,0.10494065236425068
1207,-0.4328997577902851,0.45895592390965007,0.45895592390965007
1208,-0.7188723130469745,-0.05375416792202483,-0.05375416792202483
1209,0.5727275801101783,0.15874692431742174,0.15874692431742174
1210,-0.13165396075261837,0.9101447511753363,0.9101447511753363
1211,0.5523564491606283,0.1475936735150221,0.1475936735150221
1212,0.9382996242950672,0.5632970025062575,0.5632970025062575
1213,-0.21535137969623297,0.8552911813850811,0.8552911813850811
1214,0.7534437466376598,-0.04734762922907156,-0.04734762922907156
1215,0.18747541164677983,0.8686492430794874,0.8686492430794874
1216,-0.5076366575179347,0.25323662601510255,0.25323662601510255
1217,-0.6306604966341114,0.07250786708212349,0.07250786708212349
1218,0.6935448613464339,-0.036613656783535675,-0.036613656783535675
1219,-0.5508105206886291,0.19304412411197694,0.19304412411197694
1220,0.33383574507846103,0.532303044630392,0.532303044630392
1221,-0.811060984481583,0.04488367643521103,0.04488367643521103
1222,-0.7798261450655135,-0.05345021893289042,-0.05345021893289042
1223,-0.4882238771130827,0.2697421130465468,0.2697421130465468
1224,0.6409977034890137,0.13334059309085639,0.13334059309085639
1225,0.03393992570944748,0.9293098961938083,0.9293098961938083
1226,0.766945412870522,-0.00016614733143661617,-0.00016614733143661617
1227,-0.246385840586413,0.7679318033984981,0.7679318033984981
1228,-0.49529434016558094,0.2945335808414907,0.2945335808414907
1229,0.9209233003437232,0.4242259184710728,0.4242259184710728
1230,0.7077685513338026,-0.011124228408267135,-0.011124228408267135
1231,-0.013381665397204534,0.9141152619322139,0.9141152619322139
1232,-0.6660136802329091,-0.02206547795080381,-0.02206547795080381
1233,0.8256496268217111,0.08513993447184207,0.08513993447184207
1234,0.26037882769950826,0.814225453185871,0.814225453185871
1235,-0.7717135132453976,0.02620512825232379,0.02620512825232379
1236,-0.4307847243420886,0.49627113280649215,0.49627113280649215
1237,-0.7147398074297626,0.07606896802493503,0.07606896802493503
1238,0.44289745510284906,0.40109149488755347,0.40109149488755347
1239,-0.6944580054162637,-0.11424406764545872,-0.11424406764545872
1240,0.0199060933743902,1.0476671838925082,1.0476671838925082
1241,-0.607404385240528,0.07850685500290684,0.07850685500290684
1242,0.04252954360199057,0.9510104519367901,0.9510104519367901
1243,0.8238627508050909,0.17278804482395438,0.17278804482395438
1244,0.29411143760083513,0.6438986263742762,0.6438986263742762
1245,0.8955912120401868,0.20821572117282588,0.20821572117282588
1246,-0.027750779460531172,0.9148568341467085,0.9148568341467085
1247,0.1481338921536699,0.9350520881484047,0.9350520881484047
1248,0.7689380530597896,0.04183051120871276,0.04183051120871276
1249,-0.9164169124567783,0.4726795871181363,0.4726795871181363
1250,0.9196798166746183,0.5074122683691313,0.5074122683691313
1251,0.8429270567101688,0.19407726481637613,0.19407726481637613
1252,0.37925870813218787,0.4669222341206126,0.4669222341206126
1253,0.7635727370534242,-0.02542242370479976,-0.02542242370479976
1254,0.4349393054450741,0.38458965503546627,0.38458965503546627
1255,0.7051521480020695,0.01635530002839188,0.01635530002839188
1256,0.47051880201491425,0.2594256038941058,0.2594256038941058
1257,-0.8674542950804418,0.24013089263964144,0.24013089263964144
1258,0.04703166795027203,1.0719250184102747,1.0719250184102747
1259,-0.46947269113585555,0.3135062633659493,0.3135062633659493
1260,-0.22703694262142426,0.7686768278447446,0.7686768278447446
1261,-0.2355343462771673,0.8328333298545634,0.8328333298545634
1262,-0.1705305556018195,0.8889566065518935,0.8889566065518935
1263,0.06030460763564638,0.9920944786819224,0.9920944786819224
1264,-0.6770027216946792,0.07003111854583771,0.07003111854583771
1265,-0.9839780659573276,0.9238852449401465,0.9238852449401465
1266,0.19836374402747836,0.9093586638624358,0.9093586638624358
1267,-0.9448820209938011,0.6626977340031981,0.6626977340031981
1268,-0.07066605537989257,0.9918298588581168,0.9918298588581168
1269,0.13979393757234249,0.9322713329290614,0.9322713329290614
1270,-0.964971973106483,0.7900753781575369,0.7900753781575369
1271,-0.7472622181865571,-0.0471097055265734,-0.0471097055265734
1272,0.14918220582838626,0.9045792370557975,0.9045792370557975
1273,0.6785128204054318,-0.07141292089568708,-0.07141292089568708
1274,-0.2838464152063471,0.7616958263061506,0.7616958263061506
1275,0.34133871615580014,0.6277576645008764,0.6277576645008764
1276,-0.4053750101683766,0.46456453626674754,0.46456453626674754
1277,0.10996007946976727,0.9395962297936926,0.9395962297936926
1278,0.1745111078800834,0.8974002632980674,0.8974002632980674
1279,-0.3943708925321052,0.43657334707877515,0.43657334707877515
1280,-0.557801630805332,0.18064363050014753,0.18064363050014753
1281,-0.026508477200784863,0.9882113552710116,0.9882113552710116
1282,0.8830104696595913,0.31966069148999443,0.31966069148999443
1283,0.9186158024500102,0.4634022235990944,0.4634022235990944
1284,-0.04861106328781095,0.8885133339730978,0.8885133339730978
1285,0.6804497463553052,0.08513466143894208,0.08513466143894208
1286,0.6744160377949164,-0.028502432445885326,-0.028502432445885326
1287,-0.9328582674410806,0.5020059510565336,0.5020059510565336
1288,-0.7483793589250272,0.0029391907151860783,0.0029391907151860783
1289,-0.3697079921295461,0.4771096604411392,0.4771096604411392
1290,-0.2515847149673922,0.7021761809700421,0.7021761809700421
1291,-0.37546630070713793,0.48331077404552625,0.48331077404552625
1292,0.7193097062821654,0.06134242917525249,0.06134242917525249
1293,-0.0782505436657861,0.9844121924725671,0.9844121924725671
1294,-0.924412051929697,0.5362855795877057,0.5362855795877057
1295,0.4034359713303206,0.44224303697104694,0.44224303697104694
1296,-0.8356017603668631,0.29515900318423893,0.29515900318423893
1297,0.35643683483888333,0.49953970969297584,0.49953970969297584
1298,-0.12869564022378932,0.9293109017667601,0.9293109017667601
1299,0.13372579633758064,0.970369266342386,0.970369266342386
1300,-0.7256325439103883,0.03983852471207607,0.03983852471207607
1301,-0.6071789243947197,0.11308305234528078,0.11308305234528078
1302,-0.38166326719253774,0.5128405427338192,0.5128405427338192
1303,0.09809476663860117,0.8978471741204666,0.8978471741204666
1304,0.8481087003512686,0.23773542194100084,0.23773542194100084
1305,0.18068076734218552,0.8941774812127763,0.8941774812127763
1306,0.3517643624510949,0.6312721440946604,0.6312721440946604
1307,0.3784439508614146,0.5101856171186633,0.5101856171186633
1308,-0.02344069131036397,1.0277638087508376,1.0277638087508376
1309,-0.445501931513822,0.2745274111786362,0.2745274111786362
1310,0.6815790170609664,0.025390166405937137,0.025390166405937137
1311,-0.5496862309842119,0.20302991080394078,0.20302991080394078
1312,0.341367300350347,0.522109871450984,0.522109871450984
1313,0.05866165648994959,0.9399252502094915,0.9399252502094915
1314,-0.27953335095511567,0.7013917785928241,0.7013917785928241
1315,-0.5082863252526999,0.1804028196306563,0.1804028196306563
1316,0.5005863546547213,0.2676025857707664,0.2676025857707664
1317,0.41179108208518356,0.4759935460916381,0.4759935460916381
1318,0.5938166586659706,-0.0457441308319983,-0.0457441308319983
1319,-0.8354931496939351,0.11833439915161101,0.11833439915161101
1320,0.5419531986580608,0.12828991085953842,0.12828991085953842
1321,0.21651681787577437,0.7239034121898925,0.7239034121898925
1322,0.2832669423051475,0.7162561086691293,0.7162561086691293
1323,0.5182148496416865,0.2300584059952003,0.2300584059952003
1324,-0.8549623089984448,0.17219530669691435,0.17219530669691435
1325,-0.20363836526087087,0.8870062868513894,0.8870062868513894
1326,-0.857619799247278,0.21276993143534806,0.21276993143534806
1327,-0.3541945381633682,0.5577175022676957,0.5577175022676957
1328,-0.02302113780810866,0.9765693772944358,0.9765693772944358
1329,0.8998666555631769,0.40544546145579863,0.40544546145579863
1330,0.46792215923178815,0.2754368168312546,0.2754368168312546
1331,-0.5397313859571153,0.2519657453746576,0.2519657453746576
1332,0.4484303272493235,0.3512300681418307,0.3512300681418307
1333,-0.8381180806957649,0.1548163741607188,0.1548163741607188
1334,0.4602897009560134,0.3733564835239669,0.3733564835239669
1335,0.23665939997663332,0.8263963755160424,0.8263963755160424
1336,0.19039433699827213,0.8920828661223446,0.8920828661223446
1337,-0.30066736734058974,0.6583429657849325,0.6583429657849325
1338,-0.6977849636905873,-0.01387301341259378,-0.01387301341259378
1339,0.7249837915510056,-0.009673599580166906,-0.009673599580166906
1340,0.33277365021930394,0.6186086352765036,0.6186086352765036
1341,0.6765780137162807,0.021036003204499006,0.021036003204499006
1342,0.9760796933310318,0.8341837602116248,0.8341837602116248
1343,-0.37119559982488926,0.5734972483964816,0.5734972483964816
1344,-0.06437842040611641,1.0431935018195977,1.0431935018195977
1345,-0.7693884681116907,-0.022887132882369765,-0.022887132882369765
1346,0.1695287653528743,0.9290993849613687,0.9290993849613687
1347,0.21840398716612075,0.9830158115146841,0.9830158115146841
1348,0.6488964506502777,0.15087584731144804,0.15087584731144804
1349,-0.9429730321127949,0.6631463312408715,0.6631463312408715
1350,0.634027724300039,-0.055526038401846445,-0.055526038401846445
1351,-0.7117207317411653,-0.07410023740902229,-0.07410023740902229
1352,-0.06791070799849352,1.0198276447386343,1.0198276447386343
1353,0.26545430473153675,0.7723110650812212,0.7723110650812212
1354,0.4965293986029735,0.3223928225807835,0.3223928225807835
1355,0.3680231326617587,0.4958911918814121,0.4958911918814121
1356,-0.8679824998682244,0.19863250758161904,0.19863250758161904
1357,-0.25907006155443457,0.7721124340981518,0.7721124340981518
1358,-0.040265108761140755,1.0476317560578279,1.0476317560578279
1359,-0.7838003648537499,-0.02289111151868182,-0.02289111151868182
1360,0.5654397726280453,0.14540656297657759,0.14540656297657759
1361,0.3438543365328939,0.5756748639414601,0.5756748639414601
1362,-0.3187595399829388,0.5747360011768405,0.5747360011768405
1363,-0.998513221557042,0.9587114908259059,0.9587114908259059
1364,-0.45887139699376256,0.33230042924581055,0.33230042924581055
1365,-0.04673243361739998,1.0928986771593678,1.0928986771593678
1366,-0.7877496042758338,0.035666611788362015,0.035666611788362015
1367,-0.9566962598692668,0.6083652488615986,0.6083652488615986
1368,-0.724957206725098,-0.004270414057337469,-0.004270414057337469
1369,0.8999890035800209,0.3322705591305145,0.3322705591305145
1370,0.6219218780195603,0.04824509474887916,0.04824509474887916
1371,0.2630158053361986,0.7967704255288055,0.7967704255288055
1372,-0.422889981848394,0.40532559020181613,0.40532559020181613
1373,0.14880126701828522,0.8293865857841848,0.8293865857841848
1374,-0.2660582196681993,0.6524703744973754,0.6524703744973754
1375,0.27120417825674803,0.783985608370047,0.783985608370047
1376,-0.9768349688826645,0.865547983036158,0.865547983036158
1377,0.6890106418594266,0.0366283137677479,0.0366283137677479
1378,-0.8876374322989233,0.3336052817077701,0.3336052817077701
1379,0.3041444638199482,0.6938571570080319,0.6938571570080319
1380,-0.42441555447965307,0.5122805935389771,0.5122805935389771
1381,0.6781300262546346,0.07472918702625823,0.07472918702625823
1382,-0.3252903505350624,0.7272066028686173,0.7272066028686173
1383,0.22150036153521646,0.8513291018942037,0.8513291018942037
1384,-0.007776031118876148,1.0029422294302337,1.0029422294302337
1385,0.6215726802856631,-0.048718542629093274,-0.048718542629093274
1386,0.3596690032771799,0.5414469693451802,0.5414469693451802
1387,-0.8266551529689441,0.07761666393983416,0.07761666393983416
1388,0.11109332639753977,0.9541004880405282,0.9541004880405282
1389,-0.9393361253305466,0.5067352909404139,0.5067352909404139
1390,0.4977128945535392,0.3168149354022228,0.3168149354022228
1391,-0.8857495758770164,0.3050574771189091,0.3050574771189091
1392,-0.4506616293893868,0.3945164993531195,0.3945164993531195
1393,-0.3612681267093485,0.4884340123688113,0.4884340123688113
1394,0.250747749075507,0.7650163628746611,0.7650163628746611
1395,-0.3310152885857913,0.5611904018586045,0.5611904018586045
1396,-0.6670253681271037,0.11390660326784535,0.11390660326784535
1397,-0.34253419822160613,0.5941157708963078,0.5941157708963078
1398,-0.806018936912581,0.05658168102920641,0.05658168102920641
1399,0.4206429800554161,0.4404656112441131,0.4404656112441131
1400,0.3032624981044467,0.722334635009619,0.722334635009619
1401,0.1912761996691712,0.8226789233884533,0.8226789233884533
1402,-0.7954083074074707,-0.018538214702324807,-0.018538214702324807
1403,0.1314790499226388,0.9959184027063979,0.9959184027063979
1404,0.4881110489032048,0.22245649416650604,0.22245649416650604
1405,-0.672262920304467,-0.05428467414459957,-0.05428467414459957
1406,-0.6661631307446381,0.0012994145406924375,0.0012994145406924375
1407,0.7530659801972586,-0.04057378978202805,-0.04057378978202805
1408,-0.11027071160649915,0.9284087089979438,0.9284087089979438
1409,0.7743350361630743,0.04335774152099559,0.04335774152099559
1410,-0.6576505075378773,0.07110443061502798,0.07110443061502798
1411,-0.7561939534192528,0.05061967782796685,0.05061967782796685
1412,0.815933361269674,0.1445271633908072,0.1445271633908072
1413,-0.7652473621315363,0.07000258707121597,0.07000258707121597
1414,0.9769252528955048,0.8002911233447018,0.8002911233447018
1415,-0.1745913714370042,0.848414980193277,0.848414980193277
1416,0.27266572570702063,0.6678854457036507,0.6678854457036507
1417,0.09044844766743942,1.017873769405538,1.017873769405538
1418,0.29052554406075815,0.6378710554176737,0.6378710554176737
1419,0.8371467404750161,0.20995018484992345,0.20995018484992345
1420,-0.2914810374046053,0.7552879431347419,0.7552879431347419
1421,-0.6934256116745123,0.04996816968924685,0.04996816968924685
1422,-0.5033917564921939,0.22521532541910527,0.22521532541910527
1423,-0.6723074587630213,0.051989989384371826,0.051989989384371826
1424,-0.000914451912936709,0.9757294040956099,0.9757294040956099
1425,0.15678847043618394,0.9192816990105859,0.9192816990105859
1426,-0.03559700821355838,0.9943858140269745,0.9943858140269745
1427,-0.48662415428908057,0.24796383757491,0.24796383757491
1428,-0.8810986687425759,0.28547275591430066,0.28547275591430066
1429,-0.814173972301522,0.08940471798192713,0.08940471798192713
1430,0.5936852128311232,0.04414590387611379,0.04414590387611379
1431,-0.47162297921250396,0.40745227244473836,0.40745227244473836
1432,0.6128151626032958,0.05553967780253401,0.05553967780253401
1433,0.32154048826676784,0.643314455060934,0.643314455060934
1434,0.0334755099082491,0.915201647240389,0.915201647240389
1435,-0.20778778859950364,0.7583546878521255,0.7583546878521255
1436,-0.21764730807198296,0.8216229216135779,0.8216229216135779
1437,0.7220485517913509,0.006482579500197312,0.006482579500197312
1438,-0.8876890293264696,0.3256007744454058,0.3256007744454058
1439,0.4996543504695161,0.27518000055516995,0.27518000055516995
1440,0.1335390178810527,0.9138659466189157,0.9138659466189157
1441,-0.9521385974683445,0.7361451396952167,0.7361451396952167
1442,0.1697837312225261,0.9066920780998771,0.9066920780998771
1443,0.20726365628417565,0.8666433138489277,0.8666433138489277
1444,0.23758973685150342,0.8295804763641386,0.8295804763641386
1445,0.41023107529259506,0.5025363440227562,0.5025363440227562
1446,-0.7372681559463046,-0.050047339058267415,-0.050047339058267415
1447,-0.5457734791981115,0.08556490823026133,0.08556490823026133
1448,0.531353101031057,0.18284619887226428,0.18284619887226428
1449,0.46767688548114794,0.3182895345888999,0.3182895345888999
1450,0.6563087503418146,0.07280944840253156,0.07280944840253156
1451,-0.8542890855065022,0.24530774526823534,0.24530774526823534
1452,0.852918137526951,0.2604228409447421,0.2604228409447421
1453,0.21248727786754107,0.9038851349017443,0.9038851349017443
1454,0.9122801038435373,0.5531475717352989,0.5531475717352989
1455,-0.42767016742200203,0.33917417558668755,0.33917417558668755
1456,0.658635860527665,0.07177133641487811,0.07177133641487811
1457,0.8966551525990909,0.3443433868943998,0.3443433868943998
1458,0.5269259247965883,0.17771777539810843,0.17771777539810843
1459,0.6823283916283958,0.02616466070868219,0.02616466070868219
1460,-0.7620240122102515,-0.006937377118850729,-0.006937377118850729
1461,-0.6705315916531636,0.07207164769994022,0.07207164769994022
1462,0.1888930683618384,0.8444912645041283,0.8444912645041283
1463,0.18865567137258243,0.7994581874747907,0.7994581874747907
1464,-0.3593842980808222,0.5948783749871703,0.5948783749871703
1465,0.9616042958004019,0.6543792984177995,0.6543792984177995
1466,-0.08316715158099619,1.0308026767210297,1.0308026767210297
1467,0.5499061562044989,0.17724202652629537,0.17724202652629537
1468,0.3027375342130605,0.7076126205468296,0.7076126205468296
1469,0.18354028757152085,0.8199495433517227,0.8199495433517227
1470,0.4383232895266227,0.48752227556945293,0.48752227556945293
1471,0.5623832339243544,0.12875452206998872,0.12875452206998872
1472,0.08689969370486295,1.0105244714381327,1.0105244714381327
1473,-0.14653783381299235,0.944636731149791,0.944636731149791
1474,-0.5135850256918701,0.3190913344744476,0.3190913344744476
1475,-0.7030882435461869,0.012777706458099843,0.012777706458099843
1476,-0.11563565995791292,0.9139993797520379,0.9139993797520379
1477,0.3525086436165572,0.5057790221017301,0.5057790221017301
1478,-0.18753589247414437,0.8053860080010794,0.8053860080010794
1479,-0.08730303102319592,0.9648911438083724,0.9648911438083724
1480,0.26142829231535236,0.6972562566002767,0.6972562566002767
1481,-0.5093527780764293,0.17232824191955856,0.17232824191955856
1482,0.2368966112055868,0.8205659869592918,0.8205659869592918
1483,0.22424770209781975,0.712147223079146,0.712147223079146
1484,0.15913719926657,0.9219829217725409,0.9219829217725409
1485,-0.6408039324747645,0.030646500490983598,0.030646500490983598
1486,-0.39347007197253037,0.4935133353301288,0.4935133353301288
1487,0.571839346816156,0.1686186579550147,0.1686186579550147
1488,0.5591596538445474,0.1591800477437172,0.1591800477437172
1489,-0.07959108619367372,0.9545270906072048,0.9545270906072048
1490,-0.4799403247916263,0.34945874067919386,0.34945874067919386
1491,0.002626671348621379,1.0552235882438776,1.0552235882438776
1492,0.030476118481570946,1.0498991631384422,1.0498991631384422
1493,-0.2735746039253788,0.7041021796926523,0.7041021796926523
1494,-0.06280810989796759,0.9621841167155624,0.9621841167155624
1495,-0.7679681350228027,0.009806211345659774,0.009806211345659774
1496,-0.1414238919888804,0.9398525709281891,0.9398525709281891
1497,-0.7779531469212819,0.01140678516666304,0.01140678516666304
1498,-0.22670886309955685,0.917897663612909,0.917897663612909
1499,0.990625882531806,0.8863745291760807,0.8863745291760807
1500,0.3191047800752582,0.6616884844612334,0.6616884844612334
1501,-0.8352856966199229,0.20411938436730154,0.20411938436730154
1502,-0.317811897904412,0.7115289821209532,0.7115289821209532
1503,-0.7155245855457899,0.10686982562113458,0.10686982562113458
1504,-0.6836038030656979,0.0882058069053482,0.0882058069053482
1505,-0.7360065545777579,-0.035159405767152166,-0.035159405767152166
1506,0.5898897686921378,0.14368615207127675,0.14368615207127675
1507,-0.08242297062152737,0.9760555704727261,0.9760555704727261
1508,0.03578106029499395,0.9580042104453377,0.9580042104453377
1509,0.01574787262305155,1.0207105002070667,1.0207105002070667
1510,0.9577699240910182,0.7114717736003033,0.7114717736003033
1511,0.6750119979047953,-0.021766307831998642,-0.021766307831998642
1512,-0.7297302249443491,-0.032757800127668185,-0.032757800127668185
1513,-0.8020257723814999,0.051770287998336766,0.051770287998336766
1514,-0.3275582743466048,0.567730639568657,0.567730639568657
1515,-0.18519703697208167,0.9156771207658508,0.9156771207658508
1516,0.8483076518811892,0.09255042239978142,0.09255042239978142
1517,0.350386533917721,0.6264733575492727,0.6264733575492727
1518,0.8058895350774207,0.04347130824309424,0.04347130824309424
1519,0.0816725766577655,0.9663598097206704,0.9663598097206704
1520,-0.5209783538674819,0.3073307287451704,0.3073307287451704
1521,-0.83437065843486,0.2322870746891777,0.2322870746891777
1522,0.7098912529025945,0.006813843277304421,0.006813843277304421
1523,0.834903726726302,0.09867812121211078,0.09867812121211078
1524,-0.015276942334532695,0.9722973858628368,0.9722973858628368
1525,0.2617552032111119,0.6873358029099722,0.6873358029099722
1526,-0.7524824807078936,-0.08299872766217425,-0.08299872766217425
1527,0.36353093657862856,0.5271855522408406,0.5271855522408406
1528,-0.8445646071911097,0.1649565845225958,0.1649565845225958
1529,0.13804331663071445,0.8996049505409449,0.8996049505409449
1530,0.569499961885344,0.08060679066212027,0.08060679066212027
1531,-0.9764274806359596,0.7075969708758937,0.7075969708758937
1532,0.20898317556958923,0.7967620740402845,0.7967620740402845
1533,-0.058228098314990984,0.9909993807437955,0.9909993807437955
1534,-0.4429500181719357,0.3253210584124272,0.3253210584124272
1535,0.7507568307764345,-0.009420039511123881,-0.009420039511123881
1536,0.5389615156401981,0.2617435183824612,0.2617435183824612
1537,-0.6869493605850872,-0.03875045521163319,-0.03875045521163319
1538,-0.516712633353289,0.19066502940598437,0.19066502940598437
1539,0.3493283341997526,0.5703316007711373,0.5703316007711373
1540,0.05148872821006378,0.9215677423226323,0.9215677423226323
1541,-0.41383375105922493,0.37905853091152,0.37905853091152
1542,-0.41791179749004637,0.37975561277567016,0.37975561277567016
1543,-0.1608920869196111,0.9592752224061284,0.9592752224061284
1544,-0.35140848244962464,0.5966076842692564,0.5966076842692564
1545,-0.0712852171158882,0.9661323521069357,0.9661323521069357
1546,0.4169247311842763,0.39406971346697367,0.39406971346697367
1547,-0.9672266398814986,0.8098164552509188,0.8098164552509188
1548,-0.4843899152460054,0.2497594121157995,0.2497594121157995
1549,0.3187804034395969,0.6004990180308217,0.6004990180308217
1550,0.5877019717357757,0.08373121068196512,0.08373121068196512
1551,0.8181199252749138,0.09165472035252663,0.09165472035252663
1552,0.38351128912176713,0.47474718230789614,0.47474718230789614
1553,0.7610146787440144,0.0693752313097264,0.0693752313097264
1554,-0.6365694436890323,0.13750658486186368,0.13750658486186368
1555,-0.7278589834731652,0.03639765053685322,0.03639765053685322
1556,-0.9283750056495845,0.5297770942779861,0.5297770942779861
1557,-0.4910807846724585,0.23507383089944184,0.23507383089944184
1558,0.6114614692676665,0.005181080788915757,0.005181080788915757
1559,0.9561288335491711,0.7155859079115818,0.7155859079115818
1560,0.6265123080572883,0.017023007220450585,0.017023007220450585
1561,0.863790165080061,0.25364039309021036,0.25364039309021036
1562,-0.9268831555268073,0.7119729951520994,0.7119729951520994
1563,-0.0010212908655160557,0.9848739142831409,0.9848739142831409
1564,-0.8513070832632683,0.1783493772453264,0.1783493772453264
1565,0.27361309658012467,0.8091515532466561,0.8091515532466561
1566,0.676878534434546,-0.04176892367825466,-0.04176892367825466
1567,0.2090954798678819,0.8445045033153392,0.8445045033153392
1568,0.6145446075719911,0.07349829283865472,0.07349829283865472
1569,-0.8539239114074442,0.20052470193738134,0.20052470193738134
1570,0.026953760094779122,0.9964903514205582,0.9964903514205582
1571,-0.7794174094625066,-0.018796591176035556,-0.018796591176035556
1572,-0.62265264713786,0.049308123748826184,0.049308123748826184
1573,-0.8153385666362218,0.0768448736465823,0.0768448736465823
1574,0.8124163160329876,0.04583217939864299,0.04583217939864299
1575,-0.2856062348716977,0.621374658001479,0.621374658001479
1576,-0.5204152350841107,0.27359709800225296,0.27359709800225296
1577,-0.6813851017002064,0.023801668899313767,0.023801668899313767
1578,-0.7457406279340744,0.04336770167615615,0.04336770167615615
1579,0.9716463433447644,0.834467545377668,0.834467545377668
1580,0.4155942813149889,0.5028904728615669,0.5028904728615669
1581,0.2949190206419172,0.6723432453797842,0.6723432453797842
1582,0.525942830279291,0.15253377416798813,0.15253377416798813
1583,-0.8819223027439083,0.25240278005309663,0.25240278005309663
1584,0.5809259008823899,0.07852102968977065,0.07852102968977065
1585,-0.2806691145420832,0.6471331581915982,0.6471331581915982
1586,0.23801912169928996,0.7246584451992235,0.7246584451992235
1587,-0.6054986873310828,-0.05339699029009014,-0.05339699029009014
1588,0.9339585725535737,0.6013330242069926,0.6013330242069926
1589,0.03477230864447245,0.9951496737055172,0.9951496737055172
1590,-0.9901654558769708,0.8549350771771661,0.8549350771771661
1591,-0.4458297151452557,0.2724288817699809,0.2724288817699809
1592,0.6499322265262286,0.06165606675338351,0.06165606675338351
1593,-0.3225332882994951,0.5855450592633589,0.5855450592633589
1594,-0.5675658644474857,0.1151617633918145,0.1151617633918145
1595,0.5401406793537755,0.20853099610005127,0.20853099610005127
1596,-0.8420446389067882,0.13970524340368143,0.13970524340368143
1597,0.44844670624064875,0.2817821558162819,0.2817821558162819
1598,0.16505465885065873,0.8818587563877454,0.8818587563877454
1599,0.975694950384334,0.7492798814053943,0.7492798814053943
1600,-0.2984874559170767,0.6064688260491192,0.6064688260491192
1601,0.2594434945374653,0.6871601746795787,0.6871601746795787
1602,-0.8497756089061688,0.23661073519831455,0.23661073519831455
1603,-0.5241255751162632,0.20063137555623012,0.20063137555623012
1604,-0.6073777601854013,0.04944469569012408,0.04944469569012408
1605,-0.49298854441682294,0.23431060834544457,0.23431060834544457
1606,0.6766776260170106,0.017064760776438037,0.017064760776438037
1607,0.648080574434694,0.15522626543901363,0.15522626543901363
1608,-0.8389825564243867,0.13052366686978892,0.13052366686978892
1609,-0.030145610565534886,1.07057927843475,1.07057927843475
1610,-0.19364543101926524,0.853103420199432,0.853103420199432
1611,-0.8904669309409987,0.3912235358337916,0.3912235358337916
1612,-0.5222381913081087,0.19758741771641788,0.19758741771641788
1613,0.1881804571671315,0.8448023647846692,0.8448023647846692
1614,0.45164395875939856,0.4011682991847313,0.4011682991847313
1615,-0.4522280812976398,0.27431712462112806,0.27431712462112806
1616,-0.48892007573694585,0.2629631316554234,0.2629631316554234
1617,-0.06584324780194528,0.95007402901396,0.95007402901396
1618,0.18029372676244115,0.8958431160666254,0.8958431160666254
1619,0.607110473868548,0.10925263352995532,0.10925263352995532
1620,0.7836225406343531,0.007846698030292094,0.007846698030292094
1621,-0.774000237126667,0.03477785058334949,0.03477785058334949
1622,-0.3033319222840296,0.6448694074907395,0.6448694074907395
1623,0.6916879352398246,-0.015472434798691124,-0.015472434798691124
1624,-0.916196351654639,0.5084802291070207,0.5084802291070207
1625,-0.11346831090609344,0.9010969080907989,0.9010969080907989
1626,-0.2347223175136235,0.822712857886711,0.822712857886711
1627,-0.9618321121559217,0.6754996778758076,0.6754996778758076
1628,0.3447061570207859,0.6097843060511715,0.6097843060511715
1629,0.27742571330183186,0.7105632515361859,0.7105632515361859
1630,0.5085657260861438,0.24343347262283785,0.24343347262283785
1631,0.8952971678253183,0.37244525549904095,0.37244525549904095
1632,-0.9431357769304631,0.5722607851072683,0.5722607851072683
1633,0.16684947522179017,0.8202871967325581,0.8202871967325581
1634,-0.294102884361952,0.6952180967514106,0.6952180967514106
1635,-0.6499101265632863,0.001094181369524428,0.001094181369524428
1636,-0.3753669470539527,0.4638279312470579,0.4638279312470579
1637,-0.20031654206170502,0.8721282638019703,0.8721282638019703
1638,-0.08832110206047128,0.9775005419550935,0.9775005419550935
1639,-0.2388536619569055,0.7113101884595866,0.7113101884595866
1640,-0.8127019258419044,0.060901631183844535,0.060901631183844535
1641,-0.3730530154163132,0.47599545313252095,0.47599545313252095
1642,-0.7021943320820905,0.02819666680115694,0.02819666680115694
1643,0.7256349405221141,-0.032236048910963974,-0.032236048910963974
1644,0.15980583690131756,0.9236546386633561,0.9236546386633561
1645,0.5429174882276038,0.13104830490239963,0.13104830490239963
1646,-0.834045452075943,0.16405499645281668,0.16405499645281668
1647,-0.2647486875644951,0.7157973511230613,0.7157973511230613
1648,-0.11250660723127637,0.965482226685048,0.965482226685048
1649,-0.6244212859774363,0.06563110598245746,0.06563110598245746
1650,0.2604347833012899,0.7473223504674718,0.7473223504674718
1651,0.5340830621758337,0.10762698450967169,0.10762698450967169
1652,0.032524387520893594,0.9218931570346365,0.9218931570346365
1653,0.4906110758217994,0.19874814268559887,0.19874814268559887
1654,-0.7293302164331028,-0.010685134537574604,-0.010685134537574604
1655,-0.3893133687261816,0.509448905950872,0.509448905950872
1656,0.9696404607057854,0.734187539189005,0.734187539189005
1657,0.22569182570557533,0.8214790671234022,0.8214790671234022
1658,-0.7204263714190551,-0.09065879286341993,-0.09065879286341993
1659,-0.591456360270112,0.02578825283512036,0.02578825283512036
1660,-0.736153189270712,0.08180499178514042,0.08180499178514042
1661,0.2930413184579512,0.6051929495314567,0.6051929495314567
1662,-0.5669839179310634,0.07994935049943545,0.07994935049943545
1663,0.6539507791861896,-0.027397210499189834,-0.027397210499189834
1664,-0.7993992748654875,0.12232207350404524,0.12232207350404524
1665,-0.21971116206538266,0.8781726142098507,0.8781726142098507
1666,0.010555805938189167,0.9940481930686887,0.9940481930686887
1667,-0.6296575250102496,-0.0040793765656863615,-0.0040793765656863615
1668,-0.7542166649942259,-0.05394721707459074,-0.05394721707459074
1669,-0.6556740446304148,0.036322389908856806,0.036322389908856806
1670,-0.03153037357308075,1.0063285401688624,1.0063285401688624
1671,0.7723237342644065,0.05914387359124092,0.05914387359124092
1672,0.9893345494035231,0.9339295518658093,0.9339295518658093
1673,-0.7805167395858377,0.11376698568965864,0.11376698568965864
1674,-0.48318264796399335,0.3216308891154232,0.3216308891154232
1675,0.5023294250499879,0.34369724653626565,0.34369724653626565
1676,0.9549398589439047,0.6983655088603369,0.6983655088603369
1677,-0.6017962521169538,0.047637765187637,0.047637765187637
1678,-0.4567180524211405,0.3196422963974358,0.3196422963974358
1679,-0.49824374010660955,0.28385973960734034,0.28385973960734034
1680,0.3134751839501757,0.6787731978996256,0.6787731978996256
1681,0.18503116015525767,0.8096666264326858,0.8096666264326858
1682,0.7645696110323361,-0.02491291001984176,-0.02491291001984176
1683,0.3561874255606765,0.5812914088250453,0.5812914088250453
1684,-0.9131083554390611,0.3872394310459347,0.3872394310459347
1685,-0.7593461019328467,0.00395430486237279,0.00395430486237279
1686,0.9273663984259282,0.5091260028533157,0.5091260028533157
1687,0.864314523930275,0.3434714225776319,0.3434714225776319
1688,0.31661757870516705,0.6514200657247455,0.6514200657247455
1689,0.3419303440875694,0.621578850684728,0.621578850684728
1690,-0.17589383885296406,0.8728212138866829,0.8728212138866829
1691,0.891619042575708,0.3016903340063626,0.3016903340063626
1692,-0.9810388978462017,0.7969562222027612,0.7969562222027612
1693,-0.021646097085999516,1.016394628583527,1.016394628583527
1694,-0.8383620657121249,0.16622234980499828,0.16622234980499828
1695,-0.34652696261454863,0.569543321338579,0.569543321338579
1696,0.7114736751964328,-0.02015105111308612,-0.02015105111308612
1697,0.0911939159004076,0.9187675702358052,0.9187675702358052
1698,-0.34408524749619684,0.5601887951258671,0.5601887951258671
1699,-0.6615614588656697,0.03963552805607327,0.03963552805607327
1700,0.06690999304466572,0.95905789392412,0.95905789392412
1701,-0.3341663917405939,0.6008809357669775,0.6008809357669775
1702,0.2545366937490603,0.7457496027381157,0.7457496027381157
1703,-0.31417368727065886,0.6132450006040855,0.6132450006040855
1704,-0.9346198626080027,0.6452571852058321,0.6452571852058321
1705,-0.06384260055288093,1.0529652817451012,1.0529652817451012
1706,0.7037070254457349,0.030513959028158042,0.030513959028158042
1707,0.6428205910997618,-0.07061719812052047,-0.07061719812052047
1708,0.3348956181521805,0.6188719566864471,0.6188719566864471
1709,-0.2620473058744335,0.6672474590890385,0.6672474590890385
1710,-0.8196372497112288,0.05037857718767583,0.05037857718767583
1711,-0.518201596823328,0.1275386347452221,0.1275386347452221
1712,0.13918011300488797,0.9881111551597307,0.9881111551597307
1713,0.5460825778164367,0.12874457355007712,0.12874457355007712
1714,-0.6135967538545326,0.10232204167153865,0.10232204167153865
1715,0.20306742593791838,0.8180658942121343,0.8180658942121343
1716,-0.24129862163849491,0.7666321966187319,0.7666321966187319
1717,-0.1541965616857317,0.9408737257643316,0.9408737257643316
1718,-0.5383156850431501,0.11152728280416166,0.11152728280416166
1719,-0.14432622128466055,0.8665524970462518,0.8665524970462518
1720,0.75216045284825,0.09910567714489903,0.09910567714489903
1721,-0.11993145973872754,0.949590704557621,0.949590704557621
1722,-0.6448330487015375,0.00467654876222082,0.00467654876222082
1723,0.7255876632806073,0.023990119929764256,0.023990119929764256
1724,0.40949587687105193,0.4222167300366841,0.4222167300366841
1725,-0.29596497312399395,0.7192424918270504,0.7192424918270504
1726,-0.1208233559024372,1.0424837493064723,1.0424837493064723
1727,0.3286559593030458,0.6540048064128685,0.6540048064128685
1728,-0.8103649418243297,0.07993182288429368,0.07993182288429368
1729,0.9146668804308771,0.42756493910701876,0.42756493910701876
1730,0.9938651147038493,0.9269986221673199,0.9269986221673199
1731,-0.5324552409151619,0.20937654887201856,0.20937654887201856
1732,0.6323490145674693,0.021859540944412573,0.021859540944412573
1733,0.990261023236152,0.903065690985556,0.903065690985556
1734,0.43697832842931184,0.39130963387087436,0.39130963387087436
1735,-0.16850171116411228,0.9024048831271776,0.9024048831271776
1736,-0.44103583052443596,0.3757758245765553,0.3757758245765553
1737,0.06631991146124583,0.962871706076698,0.962871706076698
1738,0.8190589493913201,0.20222197396007563,0.20222197396007563
1739,0.9136153978745405,0.47163252328582383,0.47163252328582383
1740,-0.35123310786048756,0.611273231501939,0.611273231501939
1741,0.3603188693110442,0.5450471128316298,0.5450471128316298
1742,0.6214506289819011,0.020244056788511516,0.020244056788511516
1743,-0.9466789553595647,0.6880034033490613,0.6880034033490613
1744,-0.6022072725442122,0.024809705660558165,0.024809705660558165
1745,0.10010708101445887,1.0369911438306798,1.0369911438306798
1746,0.3012828543162538,0.6667157320104049,0.6667157320104049
1747,-0.8362114507698739,0.09950796191019681,0.09950796191019681
1748,0.03455617580879933,1.0753750580119026,1.0753750580119026
1749,-0.36551926963933656,0.45092603672830744,0.45092603672830744
1750,0.41744316514589186,0.4059997532934223,0.4059997532934223
1751,-0.15262169177821372,0.9530703392175982,0.9530703392175982
1752,-0.6038549528965833,0.03921358044040458,0.03921358044040458
1753,-0.3609721737957272,0.5111608860516177,0.5111608860516177
1754,0.12834769914037714,0.9673821741247929,0.9673821741247929
1755,0.9485130191915077,0.6702521147431734,0.6702521147431734
1756,0.6141750663401595,-0.003184236756233451,-0.003184236756233451
1757,-0.05576060407068062,0.975778510345833,0.975778510345833
1758,0.49729736473900776,0.30360927227358553,0.30360927227358553
1759,-0.26418690600253547,0.7551585558437809,0.7551585558437809
1760,0.7458912148098913,-0.10350478957391698,-0.10350478957391698
1761,-0.5417491339410239,0.16088768912105889,0.16088768912105889
1762,0.07539294390355056,0.9506695032129214,0.9506695032129214
1763,-0.8405506971776566,0.1826640999841607,0.1826640999841607
1764,0.008442047911846107,1.0777299271600573,1.0777299271600573
1765,-0.6990747044363717,-0.00860298225944903,-0.00860298225944903
1766,0.16965661839927892,0.9058023476884307,0.9058023476884307
1767,0.98841691354869,0.892354750132486,0.892354750132486
1768,-0.067010806206514,1.000317411273938,1.000317411273938
1769,-0.6704048229095689,0.024846324938915063,0.024846324938915063
1770,0.3984802847585367,0.43901279593290765,0.43901279593290765
1771,0.2191666666262837,0.7933130752467293,0.7933130752467293
1772,0.5186515956688134,0.2917023827512547,0.2917023827512547
1773,0.7964919816929903,0.09863393467748302,0.09863393467748302
1774,-0.16724877060944165,0.9004531280316903,0.9004531280316903
1775,0.17910108396219715,0.8194731906501812,0.8194731906501812
1776,0.8416550908830547,0.19210283715631554,0.19210283715631554
1777,0.8431757260530461,0.230396451492558,0.230396451492558
1778,0.6358947324463382,0.08757820083777693,0.08757820083777693
1779,-0.1815368621506268,0.9005564189692932,0.9005564189692932
1780,-0.8382161896389881,0.28863549089896984,0.28863549089896984
1781,0.3972319457842459,0.4634153761212737,0.4634153761212737
1782,0.8581464168261355,0.19950338695114828,0.19950338695114828
1783,0.2777277751853784,0.6640481903659406,0.6640481903659406
1784,-0.6065712533523584,0.04915639518094131,0.04915639518094131
1785,-0.07722261163061073,1.0091894767896026,1.0091894767896026
1786,-0.03129994450590745,1.0170884418820012,1.0170884418820012
1787,0.47942688158418667,0.2296001685472981,0.2296001685472981
1788,0.7311497940516745,0.025845534548915437,0.025845534548915437
1789,0.621369986692649,-0.02841529799023048,-0.02841529799023048
1790,-0.4120140516279249,0.47396465302439683,0.47396465302439683
1791,0.09283025479480456,0.9720944555378443,0.9720944555378443
1792,0.1121597756643109,0.9729866548125566,0.9729866548125566
1793,-0.9089570587668745,0.4249662198901606,0.4249662198901606
1794,-0.46129047166495285,0.3454153178978287,0.3454153178978287
1795,0.7484748832905597,-0.06127715572449269,-0.06127715572449269
1796,0.04381827135073468,0.9457160815014245,0.9457160815014245
1797,-0.9192427310122273,0.47500258830815256,0.47500258830815256
1798,-0.8949729354483984,0.3719840323468763,0.3719840323468763
1799,-0.17482234148117448,0.8077469143074024,0.8077469143074024
1800,0.4356028250831143,0.3915386545218447,0.3915386545218447
1801,0.8025388335419352,0.024823596723004916,0.024823596723004916
1802,-0.7476471914156562,0.06036586104049643,0.06036586104049643
1803,0.30213531706683683,0.6539644001630075,0.6539644001630075
1804,-0.055093123312799586,1.0008704019242207,1.0008704019242207
1805,-0.09706978654104015,1.0160580472238914,1.0160580472238914
1806,-0.88364585640563,0.3202449539403293,0.3202449539403293
1807,-0.039559454017788154,1.0060600661994417,1.0060600661994417
1808,-0.17323489239234946,0.8258515752480465,0.8258515752480465
1809,0.5658954849209841,0.13705973101434335,0.13705973101434335
1810,0.8274118034803037,0.1362121735942235,0.1362121735942235
1811,-0.5473525613654355,0.22601715078267365,0.22601715078267365
1812,0.8671531463905331,0.2636420437660736,0.2636420437660736
1813,-0.19814648860031547,0.793180869865417,0.793180869865417
1814,0.6945107814843505,-0.03467404292164051,-0.03467404292164051
1815,-0.9537401401355787,0.6955129875601077,0.6955129875601077
1816,-0.8850470606855521,0.3953260329640485,0.3953260329640485
1817,0.9754897057779544,0.8373621953151805,0.8373621953151805
1818,-0.9777251893715431,0.8294728643336752,0.8294728643336752
1819,-0.257957622550294,0.6854198748340117,0.6854198748340117
1820,0.8806879388314077,0.16434227680438118,0.16434227680438118
1821,-0.3666255876924347,0.5552271161302232,0.5552271161302232
1822,0.5708046359715055,0.14244857822126752,0.14244857822126752
1823,-0.6869011331046473,-0.06859119307178864,-0.06859119307178864
1824,-0.14876055907965147,0.9613695000537427,0.9613695000537427
1825,-0.018237046121464262,0.9998618610517248,0.9998618610517248
1826,0.035163306805620964,0.9258185422804643,0.9258185422804643
1827,-0.8286080092137684,0.22572803560547627,0.22572803560547627
1828,0.27406125531835124,0.8125464142082673,0.8125464142082673
1829,0.6587078411765677,-0.004495879963585862,-0.004495879963585862
1830,-0.6392118900626151,0.024499326573622825,0.024499326573622825
1831,-0.539692755730713,0.1552451113308249,0.1552451113308249
1832,-0.8780350435010302,0.3014512310618423,0.3014512310618423
1833,-0.1515262439803602,0.8979272211869989,0.8979272211869989
1834,-0.996358823166255,0.9497067446437923,0.9497067446437923
1835,-0.08882483173524158,1.0101581337646237,1.0101581337646237
1836,-0.7410449984402236,-0.003108830373726895,-0.003108830373726895
1837,0.9881792493970096,0.9150342736140571,0.9150342736140571
1838,0.8281562972605176,0.1228064319299901,0.1228064319299901
1839,0.6253683223695399,0.09174239197102627,0.09174239197102627
1840,0.6530424332789992,-0.020887160913492336,-0.020887160913492336
1841,0.9090563549107187,0.4018349465089014,0.4018349465089014
1842,-0.5170303941065124,0.18625945095324042,0.18625945095324042
1843,-0.9905439571247305,0.9123690438342261,0.9123690438342261
1844,0.25831009764377977,0.7717641715844457,0.7717641715844457
1845,0.3785170650827139,0.5127064979645362,0.5127064979645362
1846,-0.653364541950004,0.0115753209732647,0.0115753209732647
1847,0.02349665762609665,0.9448821364453492,0.9448821364453492
1848,0.3322565051284847,0.5630010607945891,0.5630010607945891
1849,-0.5681006308349172,0.08294403620143026,0.08294403620143026
1850,-0.6012869267392,0.07691227610572324,0.07691227610572324
1851,-0.9102386828573859,0.4660786843905482,0.4660786843905482
1852,0.45266969564203663,0.33618163567271453,0.33618163567271453
1853,0.4600946339157246,0.345055621112853,0.345055621112853
1854,0.7416684237801756,0.00836353120796111,0.00836353120796111
1855,0.40578742337547524,0.41186143432121697,0.41186143432121697
1856,0.6540079658749707,-0.015770492409239997,-0.015770492409239997
1857,0.2640216308433321,0.7183928901355102,0.7183928901355102
1858,0.5327460107683284,0.31893441152525975,0.31893441152525975
1859,0.5778478156119649,0.1963699997644717,0.1963699997644717
1860,0.03624223090098666,0.9397515774347285,0.9397515774347285
1861,-0.26837473269963374,0.7763791181758921,0.7763791181758921
1862,0.4645186840187292,0.27232636849949626,0.27232636849949626
1863,0.5769680953173997,0.11849737228607335,0.11849737228607335
1864,0.5728945830221326,0.12324723738415234,0.12324723738415234
1865,0.48285441500706416,0.33903091819165954,0.33903091819165954
1866,0.14521957984456924,1.0459501134997107,1.0459501134997107
1867,-0.5560471544888566,0.24710287105424067,0.24710287105424067
1868,0.47622950039119294,0.20072736041078987,0.20072736041078987
1869,-0.8899428024512475,0.324654912365443,0.324654912365443
1870,0.7558225406063284,-0.0452851027640678,-0.0452851027640678
1871,0.24004057253803857,0.7779346571910732,0.7779346571910732
1872,-0.6314610508017564,-0.02955176452157171,-0.02955176452157171
1873,0.746735240601641,-0.05210927852685758,-0.05210927852685758
1874,-0.2987756290829364,0.6750644120831091,0.6750644120831091
1875,0.3812780922561627,0.5104180086919569,0.5104180086919569
1876,-0.9125360898978014,0.4485836803688217,0.4485836803688217
1877,0.9142127203358852,0.44117905679922476,0.44117905679922476
1878,0.5369737532424861,0.2514584465563464,0.2514584465563464
1879,-0.8798032151553421,0.2724811659785949,0.2724811659785949
1880,-0.4786551184926424,0.24104877373932201,0.24104877373932201
1881,0.7892134276108658,0.04142291549880599,0.04142291549880599
1882,0.601016791586207,0.08236443433886276,0.08236443433886276
1883,-0.4002581761565782,0.3892110997148374,0.3892110997148374
1884,-0.32594139114001264,0.5742688327138689,0.5742688327138689
1885,0.08144205781814273,0.9433193420332334,0.9433193420332334
1886,0.015841067123905983,0.9067646851543882,0.9067646851543882
1887,-0.391532266099472,0.4841825326811035,0.4841825326811035
1888,-0.6216547177731948,0.03891036408841479,0.03891036408841479
1889,0.3417919982488531,0.6753223636355595,0.6753223636355595
1890,0.7895789298149785,0.057230830163838294,0.057230830163838294
1891,0.19625026631004117,0.6774545024482023,0.6774545024482023
1892,0.7988390248754447,0.03006494871599743,0.03006494871599743
1893,-0.37943273734875427,0.5637482015285109,0.5637482015285109
1894,0.6881925582718378,-0.06535025074403067,-0.06535025074403067
1895,-0.7951036602121855,0.1003840971535235,0.1003840971535235
1896,0.6674758799910485,0.018589049679604133,0.018589049679604133
1897,0.22426100956287143,0.7640202902439117,0.7640202902439117
1898,0.8661021395621917,0.18163222524022665,0.18163222524022665
1899,0.9247805342454831,0.5387630524412076,0.5387630524412076
1900,0.4597619912227622,0.3039942868480709,0.3039942868480709
1901,-0.4638594773428888,0.30821242321952347,0.30821242321952347
1902,-0.5520808451652748,0.1269492036200687,0.1269492036200687
1903,0.7623842805905117,0.08352484164310167,0.08352484164310167
1904,-0.5207650913261841,0.1187718087210988,0.1187718087210988
1905,0.08698801775400833,0.8639145250617586,0.8639145250617586
1906,0.19901814952879104,0.780150979596765,0.780150979596765
1907,0.7189556989436507,0.009393022447207052,0.009393022447207052
1908,0.9359022839609741,0.6365335281095638,0.6365335281095638
1909,0.7821497329162128,0.052230581416230125,0.052230581416230125
1910,-0.26172731778711933,0.7972796345082265,0.7972796345082265
1911,-0.8215619882406899,-0.04828286589511982,-0.04828286589511982
1912,-0.4019202202829053,0.4660676403705528,0.4660676403705528
1913,0.7383333207938341,-0.008396807470865502,-0.008396807470865502
1914,-0.3818253228331945,0.48867568419408736,0.48867568419408736
1915,0.4502231235868026,0.3826514478266749,0.3826514478266749
1916,-0.5384966274887928,0.17131635718774557,0.17131635718774557
1917,-0.8532795543219895,0.2681632280554615,0.2681632280554615
1918,0.3252233864906646,0.6361324796112398,0.6361324796112398
1919,0.6041009771995909,0.04894336317496378,0.04894336317496378
1920,0.9031643102882876,0.44356597574740597,0.44356597574740597
1921,-0.008981419618448339,1.0396129641687102,1.0396129641687102
1922,0.8700200212894751,0.2579881596559346,0.2579881596559346
1923,0.31591252086252863,0.624228620053636,0.624228620053636
1924,0.5946816415799618,0.10226506662484561,0.10226506662484561
1925,-0.42663836820435574,0.3460078839846073,0.3460078839846073
1926,-0.21380232762310913,0.8352371519416908,0.8352371519416908
1927,-0.3536130041430301,0.5313962034822917,0.5313962034822917
1928,0.5171597150716194,0.25490991530535934,0.25490991530535934
1929,0.9928688960032519,0.9471010189021791,0.9471010189021791
1930,-0.050368412148327435,1.0140946365275396,1.0140946365275396
1931,-0.30460231689733797,0.6444171691602266,0.6444171691602266
1932,-0.5487519545467583,0.16855148856444035,0.16855148856444035
1933,0.5828679073824854,0.11706563940064188,0.11706563940064188
1934,0.23462159396897242,0.7490804929121678,0.7490804929121678
1935,0.12693579697231083,0.9264169350419438,0.9264169350419438
1936,0.16726728196392115,0.988142561779566,0.988142561779566
1937,0.07039996697748152,0.9036507890083075,0.9036507890083075
1938,-0.9928479443943092,0.8418747374036207,0.8418747374036207
1939,0.8696176490445915,0.16764082806437008,0.16764082806437008
1940,-0.8063090692542525,0.10713130449973039,0.10713130449973039
1941,0.5496991216675762,0.24504536468078064,0.24504536468078064
1942,-0.6760920746401098,0.10959371487723008,0.10959371487723008
1943,0.6483287608154962,0.03002538988386101,0.03002538988386101
1944,0.42453937294579647,0.37822253083547014,0.37822253083547014
1945,0.4887189001005472,0.27439238046621167,0.27439238046621167
1946,-0.2623822252120058,0.8075684656904301,0.8075684656904301
1947,0.9203919162086038,0.5129266067097276,0.5129266067097276
1948,-0.7015349600750889,-0.04953310246019208,-0.04953310246019208
1949,0.6197316494187393,0.11679086908525546,0.11679086908525546
1950,0.8555276256297801,0.22860345198200932,0.22860345198200932
1951,-0.48283992953161947,0.2928617233195653,0.2928617233195653
1952,-0.39743414680087796,0.350824013357576,0.350824013357576
1953,0.947542720074303,0.616353993416953,0.616353993416953
1954,-0.9515496716157963,0.7025175144736832,0.7025175144736832
1955,-0.5366060905510057,0.14528928305723807,0.14528928305723807
1956,-0.5327445048506294,0.19287850516588992,0.19287850516588992
1957,0.17931534604796817,0.8352605932254232,0.8352605932254232
1958,0.09247927705103809,1.0126177388756183,1.0126177388756183
1959,-0.4805903059550105,0.27454766493539656,0.27454766493539656
1960,0.8064620259129667,0.10693199429801328,0.10693199429801328
1961,-0.35491524069149216,0.5100062337699607,0.5100062337699607
1962,0.5270743099849289,0.13588970181605012,0.13588970181605012
1963,0.8874137330077603,0.3769621982166201,0.3769621982166201
1964,-0.38704547044412774,0.45758589057798127,0.45758589057798127
1965,0.26528102195616765,0.7647843254776868,0.7647843254776868
1966,-0.547552714730803,0.08436114395068364,0.08436114395068364
1967,0.2250126903545009,0.6397146290743774,0.6397146290743774
1968,-0.2611096290873083,0.7151769500934498,0.7151769500934498
1969,-0.15019055490200905,0.8801736915548145,0.8801736915548145
1970,0.5646206630325707,0.1713199688669587,0.1713199688669587
1971,-0.6868177529446966,-0.008389843675843004,-0.008389843675843004
1972,0.9858607842541987,0.9990184601263296,0.9990184601263296
1973,0.22188730854996241,0.7715313250918101,0.7715313250918101
1974,0.09753967059295765,1.0210916663762413,1.0210916663762413
1975,0.4892775223590462,0.21669468552616816,0.21669468552616816
1976,0.78074817849214,0.02647544042149515,0.02647544042149515
1977,0.39420671893105297,0.4916660895674797,0.4916660895674797
1978,0.46113089614150127,0.2620050078013519,0.2620050078013519
1979,-0.33520283742681634,0.6159451814630859,0.6159451814630859
1980,-0.270572707673816,0.704758485720149,0.704758485720149
1981,-0.8408840872382943,0.13527901796863168,0.13527901796863168
1982,-0.9883520218443409,0.8189303599642568,0.8189303599642568
1983,0.47342073296491893,0.34572702082281503,0.34572702082281503
1984,-0.43047756089178835,0.39011338160496284,0.39011338160496284
1985,0.13735538180119256,0.9118626803142179,0.9118626803142179
1986,0.32332783772155094,0.582573585618512,0.582573585618512
1987,0.7511510721171932,0.022266292804646887,0.022266292804646887
1988,0.9859742016139654,0.9821629691796123,0.9821629691796123
1989,-0.39727443867490053,0.4817082648379045,0.4817082648379045
1990,0.5070835834196146,0.18976764821157383,0.18976764821157383
1991,0.429810643858086,0.3856900255040544,0.3856900255040544
1992,0.5645667658041558,0.03733492246374255,0.03733492246374255
1993,-0.5418036154764545,0.22609420128883873,0.22609420128883873
1994,-0.34444601822035836,0.5832764237333312,0.5832764237333312
1995,0.6866438949634821,-0.027386751217964626,-0.027386751217964626
1996,-0.01876768773020898,0.965162257612985,0.965162257612985
1997,-0.7216207298282493,0.009283148990001907,0.009283148990001907
1998,0.7982367854595747,0.11145156142919257,0.11145156142919257
1999,0.0787724052276173,0.9883935775302806,0.9883935775302806
2000,-0.49051100756065114,0.232866437298677,0.232866437298677
2001,-0.8365341799947539,0.1283094124603417,0.1283094124603417
2002,0.3548075164191189,0.651900848400156,0.651900848400156
2003,-0.23212110422880894,0.7259805313677242,0.7259805313677242
2004,-0.8022788216344947,0.10107244947250946,0.10107244947250946
2005,0.3802442235269492,0.6081198790089068,0.6081198790089068
2006,-0.6833807885656555,0.009278104360035653,0.009278104360035653
2007,-0.1399989219967268,1.011497503178159,1.011497503178159
2008,-0.9612225552213738,0.7769310444019597,0.7769310444019597
2009,-0.0783244367621383,1.0222130060756431,1.0222130060756431
2010,-0.5003977071593579,0.2617626169074353,0.2617626169074353
2011,0.3835345109585737,0.5178822140698518,0.5178822140698518
2012,-0.8934946605529224,0.30702116145538366,0.30702116145538366
2013,-0.28496953064364305,0.6679254143758077,0.6679254143758077
2014,0.2952482109063985,0.6745939962354593,0.6745939962354593
2015,-0.12469892161753182,0.9843788250408112,0.9843788250408112
2016,-0.6984381358147391,0.0732684500701481,0.0732684500701481
2017,0.4402479343685006,0.3102488020758356,0.3102488020758356
2018,0.5958194514189394,0.06401399779050553,0.06401399779050553
2019,-0.6776878671756528,0.08720954383618754,0.08720954383618754
2020,0.6075522065800854,0.1345103358027044,0.1345103358027044
2021,0.39631087338373217,0.4461868167448401,0.4461868167448401
2022,-0.2215416530458918,0.8329818680352502,0.8329818680352502
2023,-0.14002460010498696,0.9522083339655151,0.9522083339655151
2024,0.8089866314863827,0.11156479128112239,0.11156479128112239
2025,0.46934269603077405,0.26312844784838885,0.26312844784838885
2026,0.4346626979381645,0.3229852688327257,0.3229852688327257
2027,0.6295949141333275,-0.03766225191832406,-0.03766225191832406
2028,0.4106378037268914,0.4283769086295345,0.4283769086295345
2029,-0.950293050001251,0.677554716942729,0.677554716942729
2030,-0.9397431690106683,0.6286498876307884,0.6286498876307884
2031,0.6863296547334821,-0.0004662153992012223,-0.0004662153992012223
2032,-0.08942781461755045,0.9132490699404947,0.9132490699404947
2033,-0.41614088673816196,0.5181453381925238,0.5181453381925238
2034,0.8185586093859423,0.07808694971128431,0.07808694971128431
2035,0.5281517195640788,0.2722282974543059,0.2722282974543059
2036,0.16959648905989977,0.849138726719176,0.849138726719176
2037,-0.007052259087929835,1.0198017672015904,1.0198017672015904
2038,-0.40330767028909476,0.5014518042145923,0.5014518042145923
2039,-0.041584426935046714,0.9718423274641036,0.9718423274641036
2040,0.5599581135104676,0.05908094110722818,0.05908094110722818
2041,0.055056537712176334,0.9372590569451243,0.9372590569451243
2042,-0.29097133315654666,0.630095506539445,0.630095506539445
2043,-0.8610644207176261,0.22252822823586293,0.22252822823586293
2044,-0.5085747811227654,0.23471420762935677,0.23471420762935677
2045,-0.3339371960302935,0.6717593588574738,0.6717593588574738
2046,-0.2828193285532725,0.6963044241900271,0.6963044241900271
2047,0.9589228649788721,0.8029467909375121,0.8029467909375121
2048,0.689465339552878,0.045640951874803444,0.045640951874803444
2049,0.3271594446665229,0.5173774512155526,0.5173774512155526
2050,0.2016728454586163,0.8737007378567313,0.8737007378567313
2051,0.5579305176176379,0.17034484272407985,0.17034484272407985
2052,-0.04655685404010956,0.9753364343466013,0.9753364343466013
2053,0.4391967648939945,0.36719056219667057,0.36719056219667057
2054,-0.6617730632804446,0.009476648677400504,0.009476648677400504
2055,0.10788227318107335,0.9792474543386187,0.9792474543386187
2056,0.6189814601825039,0.0574265028785558,0.0574265028785558
2057,-0.8605833124134874,0.21889142754355975,0.21889142754355975
2058,-0.05313701204298882,1.0315336719510233,1.0315336719510233
2059,0.277975321562721,0.6796363741120287,0.6796363741120287
2060,-0.05905679836378841,1.0606969363937024,1.0606969363937024
2061,0.24161933691095516,0.8404812360420403,0.8404812360420403
2062,0.6558836943642208,0.0540985416088577,0.0540985416088577
2063,0.5672064319944337,0.04207885904854103,0.04207885904854103
2064,0.410613108169682,0.41375992712332765,0.41375992712332765
2065,0.30228568581533644,0.6707417614225516,0.6707417614225516
2066,-0.8059691267125861,0.09630999221714494,0.09630999221714494
2067,0.3866694526785106,0.53743321447836,0.53743321447836
2068,-0.46462009100532375,0.24230967512314994,0.24230967512314994
2069,0.7575779571679582,0.07335094856860996,0.07335094856860996
2070,0.7251251224786877,0.14817596226368346,0.14817596226368346
2071,0.432198724961554,0.377959742464911,0.377959742464911
2072,-0.47436012609957046,0.2036303544938621,0.2036303544938621
2073,0.14003147537133231,0.9642124083092855,0.9642124083092855
2074,-0.9252264045684435,0.4306267776166688,0.4306267776166688
2075,0.9712947840061719,0.7913802525240277,0.7913802525240277
2076,-0.12930871289744905,0.9593952844167124,0.9593952844167124
2077,-0.653987334575338,0.017802271750896874,0.017802271750896874
2078,0.808951523407385,0.033547302451095426,0.033547302451095426
2079,0.4200157476636117,0.4277689058134817,0.4277689058134817
2080,-0.4085397753157789,0.5247557757428213,0.5247557757428213
2081,-0.312446144767232,0.7214201301066013,0.7214201301066013
2082,0.589254481085733,0.13976900121372726,0.13976900121372726
2083,-0.8093708684348819,0.13635051879936383,0.13635051879936383
2084,0.06487129901917621,1.0226769387214854,1.0226769387214854
2085,-0.36569706113366807,0.5903536640588118,0.5903536640588118
2086,-0.04013894204859181,0.9604360833790444,0.9604360833790444
2087,0.2125616681874738,0.8419442493575634,0.8419442493575634
2088,0.6456271236115769,0.06248529464890518,0.06248529464890518
2089,0.528981066545064,0.21587458658562128,0.21587458658562128
2090,0.22023331362315934,0.9093796043425111,0.9093796043425111
2091,-0.3924880236498589,0.43642643771439493,0.43642643771439493
2092,0.9305489394503872,0.5916243409427488,0.5916243409427488
2093,0.372701606430881,0.5724990465213267,0.5724990465213267
2094,0.6604797136567906,0.05553110358811747,0.05553110358811747
2095,0.8640031554520595,0.30164495313154194,0.30164495313154194
2096,0.0026214615720081547,0.964440927569412,0.964440927569412
2097,-0.4705477797112241,0.28389807182791116,0.28389807182791116
2098,0.8593958331379181,0.15220439785528272,0.15220439785528272
2099,-0.9520115418283648,0.7371127284248528,0.7371127284248528
2100,0.3847078058650091,0.4495664728334213,0.4495664728334213
2101,0.533621987696189,0.18612768828808865,0.18612768828808865
2102,0.5939225026172652,0.0791638389771224,0.0791638389771224
2103,0.5240849040372266,0.10744682626269918,0.10744682626269918
2104,-0.4613971864539068,0.21215010545131763,0.21215010545131763
2105,-0.07533009902213816,1.0560824756775244,1.0560824756775244
2106,-0.5803067539271995,0.15429872346182505,0.15429872346182505
2107,-0.8776391321973,0.32929275114244627,0.32929275114244627
2108,-0.6630366056983057,0.026261560930375315,0.026261560930375315
2109,-0.8458779103128371,0.19607785857379104,0.19607785857379104
2110,-0.20030900499225845,0.8864539021790182,0.8864539021790182
2111,-0.8928006684680645,0.29565353727781873,0.29565353727781873
2112,0.14107783803478746,0.9272517467993799,0.9272517467993799
2113,-0.791017634565212,0.07436012000646366,0.07436012000646366
2114,0.9688772040639935,0.7802089817969825,0.7802089817969825
2115,-0.41119492579666117,0.39147968638163566,0.39147968638163566
2116,0.7511125881333054,-0.016466102001684968,-0.016466102001684968
2117,-0.0010693017003624572,1.0487907884299037,1.0487907884299037
2118,0.5276695810660847,0.13627636688133876,0.13627636688133876
2119,0.24421631642266717,0.8321533665952676,0.8321533665952676
2120,0.6095819782450829,0.13341726076030125,0.13341726076030125
2121,-0.892529286014554,0.35153163270711146,0.35153163270711146
2122,0.9108297391876783,0.37201198896334436,0.37201198896334436
2123,-0.43630353798327914,0.35384864872913363,0.35384864872913363
2124,0.6089510638597457,0.07557596019704903,0.07557596019704903
2125,-0.8326204925915834,0.14762057122272598,0.14762057122272598
2126,0.009095601168417344,1.001555069331055,1.001555069331055
2127,-0.8206747010228739,0.1706921355119827,0.1706921355119827
2128,0.26915885575912046,0.7347393844862731,0.7347393844862731
2129,0.4696331184877023,0.3312607525097763,0.3312607525097763
2130,0.19981519392646052,0.8061602597472532,0.8061602597472532
2131,0.6309871692936568,0.060598997685840816,0.060598997685840816
2132,-0.6608642466365433,-0.01611278244565139,-0.01611278244565139
2133,0.6894908983968584,-0.04879297091778439,-0.04879297091778439
2134,-0.7673203399760666,-0.042520187247999136,-0.042520187247999136
2135,0.13471745711176286,0.9612832327391233,0.9612832327391233
2136,0.07636901290788356,0.9813301341070698,0.9813301341070698
2137,0.959576440632202,0.7011327026735725,0.7011327026735725
2138,0.8209744248097235,0.06378809421833301,0.06378809421833301
2139,0.6239191720699013,0.03165303489857403,0.03165303489857403
2140,0.36573002133674315,0.5849807120118243,0.5849807120118243
2141,-0.7816694562566862,-0.018246080651442037,-0.018246080651442037
2142,0.598744583564393,0.11428877409556726,0.11428877409556726
2143,0.10876736812533583,1.00253571891281,1.00253571891281
2144,0.8078232870634638,0.020774769775303945,0.020774769775303945
2145,-0.5951928864994953,0.056064659424847035,0.056064659424847035
2146,0.9571965581784185,0.7958098118286295,0.7958098118286295
2147,-0.06406939910569753,0.9630359918752265,0.9630359918752265
2148,0.009555415654505683,0.979006402736068,0.979006402736068
2149,-0.03259822246669564,1.0300283916630013,1.0300283916630013
2150,-0.19709068804685903,0.904420203388004,0.904420203388004
2151,0.3657943452331385,0.4912127727158823,0.4912127727158823
2152,-0.850784781478402,0.2484066105123791,0.2484066105123791
2153,-0.9270182277191641,0.5650509886301135,0.5650509886301135
2154,-0.4001656511708198,0.42024147552746527,0.42024147552746527
2155,-0.8547655397797891,0.21728201164505653,0.21728201164505653
2156,-0.1095113613188472,0.9100103009327624,0.9100103009327624
2157,0.9952143136388722,1.0780121033337653,1.0780121033337653
2158,-0.9585889863327652,0.7634028811151271,0.7634028811151271
2159,-0.2876323607161513,0.7786183323555198,0.7786183323555198
2160,-0.06674882398000381,0.9922116218959073,0.9922116218959073
2161,-0.2077041702522453,0.9572821839165389,0.9572821839165389
2162,-0.679871110375825,0.02189565070319515,0.02189565070319515
2163,0.14845308690741388,0.800314948719164,0.800314948719164
2164,-0.5376840750821408,0.12224714756551346,0.12224714756551346
2165,0.026827226233032242,1.0359772339918534,1.0359772339918534
2166,0.582923997424027,0.12284777223078791,0.12284777223078791
2167,-0.4467210266298949,0.3787126989103047,0.3787126989103047
2168,0.0326189072862062,0.9707810735984436,0.9707810735984436
2169,0.09007585517988748,0.9905690453225492,0.9905690453225492
2170,0.4397608358958802,0.3603437639563602,0.3603437639563602
2171,0.7492520983585325,0.005403196102641863,0.005403196102641863
2172,-0.7117984699799742,-0.12473696200671572,-0.12473696200671572
2173,-0.9690952439773262,0.736837566856229,0.736837566856229
2174,-0.3538809075359468,0.5744924684748169,0.5744924684748169
2175,0.5010004100185057,0.2562171964773943,0.2562171964773943
2176,-0.3935359321812337,0.46283838783701386,0.46283838783701386
2177,0.5003444161899837,0.3272195524131024,0.3272195524131024
2178,-0.6426324990022219,0.10430864116168669,0.10430864116168669
2179,0.11060472819462763,1.0329408651806993,1.0329408651806993
2180,0.8363277535229103,0.19955634256650817,0.19955634256650817
2181,-0.31587915038620373,0.5858461504966079,0.5858461504966079
2182,0.9769821702315837,0.8338370863366604,0.8338370863366604
2183,0.05521513922310972,0.9773483571507046,0.9773483571507046
2184,-0.05220746914053187,1.0309128879083533,1.0309128879083533
2185,-0.25132642770703373,0.7415357591500406,0.7415357591500406
2186,0.054132768053810176,1.0754392790406213,1.0754392790406213
2187,-0.20249057746587162,0.8405932191606842,0.8405932191606842
2188,-0.6811043617547976,0.03615475041719299,0.03615475041719299
2189,-0.7983403865294694,0.005308787748527735,0.005308787748527735
2190,-0.9363989039648886,0.5766037874902273,0.5766037874902273
2191,-0.8520622619208627,0.1288284278169587,0.1288284278169587
2192,-0.7443643252820447,0.0008489970654476566,0.0008489970654476566
2193,-0.9243988412339637,0.5348802336828662,0.5348802336828662
2194,-0.20824967364663283,0.8028106768307569,0.8028106768307569
2195,0.7820795165329002,0.0451678376983107,0.0451678376983107
2196,-0.4185268813731333,0.4170029777359925,0.4170029777359925
2197,0.1819740128007885,0.8224244237869417,0.8224244237869417
2198,0.9346988938780181,0.6188432824771551,0.6188432824771551
2199,-0.9990756478149843,0.979317023757892,0.979317023757892
2200,0.2370149544236655,0.7513830691744963,0.7513830691744963
2201,-0.7587059415625215,0.001072241381098786,0.001072241381098786
2202,-0.381074416340915,0.5489463680046888,0.5489463680046888
2203,0.9964678134696314,1.0330514395335504,1.0330514395335504
2204,-0.06506919518263299,1.019381576257083,1.019381576257083
2205,0.8449272225318414,0.04260039735602664,0.04260039735602664
2206,0.13760210448985521,0.946998272111053,0.946998272111053
2207,0.507129472981787,0.26105465689830765,0.26105465689830765
2208,0.27304242520903776,0.7563677200026755,0.7563677200026755
2209,-0.2526352470410984,0.6918011363740849,0.6918011363740849
2210,0.4541949361020159,0.4080428231831037,0.4080428231831037
2211,0.3472152876812429,0.5805177404849875,0.5805177404849875
2212,-0.5337020829153543,0.18302294326201643,0.18302294326201643
2213,-0.03666213048057121,1.0278835337895278,1.0278835337895278
2214,0.7513642198090269,0.0016043418926405609,0.0016043418926405609
2215,-0.5246737289623136,0.24357920766237476,0.24357920766237476
2216,-0.7043957856117156,-0.022545354364633455,-0.022545354364633455
2217,-0.2860754633395164,0.8361896036214703,0.8361896036214703
2218,-0.3985097251270562,0.43649146925446913,0.43649146925446913
2219,-0.9333497290889317,0.553548068912896,0.553548068912896
2220,-0.12185658160452206,0.8731477266852262,0.8731477266852262
2221,0.5131210844910978,0.25476214236321726,0.25476214236321726
2222,0.6334566500207786,0.0661341835511511,0.0661341835511511
2223,0.361320143742637,0.4963114322136458,0.4963114322136458
2224,-0.5882111520868192,0.09035829999731931,0.09035829999731931
2225,0.28450647015280905,0.753492408690011,0.753492408690011
2226,0.90185952485508,0.40716896717584355,0.40716896717584355
2227,-0.8967062033080491,0.3614320726316678,0.3614320726316678
2228,0.8493033196109354,0.18699630333508147,0.18699630333508147
2229,-0.20227366457958085,0.8577358425570354,0.8577358425570354
2230,-0.017659022155877224,1.1295757069151384,1.1295757069151384
2231,0.2472335673984789,0.8366583994744083,0.8366583994744083
2232,-0.7958702854735278,0.0691146439508729,0.0691146439508729
2233,-0.21769506982941045,0.829777037493448,0.829777037493448
2234,0.8593264388622301,0.21052842408149086,0.21052842408149086
2235,-0.8916712088283767,0.3649623148414328,0.3649623148414328
2236,-0.3321413372460882,0.5774928536915448,0.5774928536915448
2237,-0.9040464995942565,0.38666396760568095,0.38666396760568095
2238,-0.7691630593361583,0.041762540352073156,0.041762540352073156
2239,-0.2435389285901186,0.7742171297513188,0.7742171297513188
2240,-0.9989763977819195,0.985578729030689,0.985578729030689
2241,-0.710842122233899,-0.04402381523663056,-0.04402381523663056
2242,-0.6555339605339123,-0.04460116510205914,-0.04460116510205914
2243,-0.8199547808553034,0.19545730875101092,0.19545730875101092
2244,-0.9280385305095187,0.6076406054492491,0.6076406054492491
2245,0.8685257887940665,0.2740468843396653,0.2740468843396653
2246,0.5183408046554252,0.11534041317226885,0.11534041317226885
2247,-0.07171720171712148,0.9401012328490365,0.9401012328490365
2248,0.04930785360801315,0.9940507165511211,0.9940507165511211
2249,-0.6383017980812777,0.05162059085094889,0.05162059085094889
2250,-0.5482828144846554,0.12305506256604383,0.12305506256604383
2251,0.8510378704680539,0.19051412600437742,0.19051412600437742
2252,-0.03216691996351484,0.9988833460757675,0.9988833460757675
2253,0.44325643934805536,0.39361870917090785,0.39361870917090785
2254,-0.288483491176051,0.6413973940037945,0.6413973940037945
2255,-0.05512580503032383,0.9749107369678023,0.9749107369678023
2256,-0.9157250384560041,0.5019759122745324,0.5019759122745324
2257,0.5308836408779214,0.23565066998617723,0.23565066998617723
2258,-0.8258295136765221,0.16351153164467294,0.16351153164467294
2259,0.8968254684273198,0.4166503883241063,0.4166503883241063
2260,-0.8711712268434162,0.2782078430864276,0.2782078430864276
2261,0.8649667063380377,0.2747447409565992,0.2747447409565992
2262,-0.6839411670585951,-0.05316684403823208,-0.05316684403823208
2263,0.09981113851323253,0.9771520256459004,0.9771520256459004
2264,-0.3110097987395879,0.6440465920271577,0.6440465920271577
2265,0.6361853550751804,-0.028142471533329293,-0.028142471533329293
2266,-0.2925205192621463,0.6318055686839423,0.6318055686839423
2267,-0.03647934298994282,0.9900326030245198,0.9900326030245198
2268,-0.6652009879639174,-0.02665534610724364,-0.02665534610724364
2269,-0.543754300734582,0.13468770526052992,0.13468770526052992
2270,-0.7274155181403601,-0.04144906067533806,-0.04144906067533806
2271,0.6264382107801678,0.03262679984583137,0.03262679984583137
2272,0.5174574172134463,0.16850190632038925,0.16850190632038925
2273,-0.529582766814856,0.17504071886711237,0.17504071886711237
2274,0.6309304789858456,0.007777874190015445,0.007777874190015445
2275,-0.2295103917312309,0.8613282422876566,0.8613282422876566
2276,-0.7137702039096334,0.12412517511077374,0.12412517511077374
2277,-0.4981739155580287,0.22548737490378232,0.22548737490378232
2278,-0.16025977096575894,0.930487350256986,0.930487350256986
2279,-0.8839435912272473,0.27506093677400634,0.27506093677400634
2280,0.35697260787129115,0.5903399712569458,0.5903399712569458
2281,0.6615193792449698,0.03704453497709822,0.03704453497709822
2282,-0.7668083447155956,0.052273216869380495,0.052273216869380495
2283,0.04283084740458287,1.006721999554291,1.006721999554291
2284,-0.6368876763719773,-5.259004559432512e-05,-5.259004559432512e-05
2285,-0.7091334262616811,0.002712152123353257,0.002712152123353257
2286,0.5814925435106122,-0.018381982198374253,-0.018381982198374253
2287,0.23013104260307427,0.7786923533288883,0.7786923533288883
2288,-0.6465228751420009,0.06726235099183225,0.06726235099183225
2289,-0.2846841456331557,0.6903877430272263,0.6903877430272263
2290,0.15717248089751723,0.8235310259679055,0.8235310259679055
2291,0.9212803857105447,0.5361382461472215,0.5361382461472215
2292,0.48603012862296446,0.18933815497829198,0.18933815497829198
2293,-0.7475389734697644,0.01907313542866451,0.01907313542866451
2294,-0.7510557699157381,0.02748299771318386,0.02748299771318386
2295,0.7473484092035605,0.05568793004252136,0.05568793004252136
2296,-0.5444363740846607,0.14500568352262275,0.14500568352262275
2297,-0.9863038719322899,0.81677477398504,0.81677477398504
2298,-0.5232727142947589,0.2924820855787049,0.2924820855787049
2299,0.07335239656709813,1.0041898078046045,1.0041898078046045
2300,-0.21298385617516002,0.9087612888119609,0.9087612888119609
2301,0.18081784979648696,0.8762594571035072,0.8762594571035072
2302,-0.32191581752544707,0.5571145697590926,0.5571145697590926
2303,-0.6776583688676145,-0.05609450916030838,-0.05609450916030838
2304,-0.9444594169925034,0.61940993446847,0.61940993446847
2305,-0.8264809378178233,0.15128591150688234,0.15128591150688234
2306,-0.014477132539058468,0.9373753350362636,0.9373753350362636
2307,-0.7458281642592994,0.10532371536776115,0.10532371536776115
2308,0.28962037157701714,0.6554622550209636,0.6554622550209636
2309,-0.05770221100831763,0.9472631588893948,0.9472631588893948
2310,0.9819598438353876,0.851745292308761,0.851745292308761
2311,-0.1670186380149168,0.8752402987043375,0.8752402987043375
2312,0.6526320866542343,-0.05818009343936445,-0.05818009343936445
2313,-0.9264940165775191,0.5593600777675641,0.5593600777675641
2314,0.10477493869421428,0.9868210110781386,0.9868210110781386
2315,0.9499274428023998,0.7363083332160779,0.7363083332160779
2316,-0.08841079775656158,1.0172022619844776,1.0172022619844776
2317,-0.7843446464470645,0.02731361064003656,0.02731361064003656
2318,0.34285286695290185,0.625459427875391,0.625459427875391
2319,0.7711960254905161,0.05238408867970874,0.05238408867970874
2320,-0.361096613501537,0.5282513424784923,0.5282513424784923
2321,0.6573344463678061,0.025322077643193178,0.025322077643193178
2322,-0.15519181472079602,0.9725734982429503,0.9725734982429503
2323,0.27409556500219323,0.6334216160538132,0.6334216160538132
2324,0.6100356777473295,0.04238837346008413,0.04238837346008413
2325,-0.3160955665502605,0.6771741139160665,0.6771741139160665
2326,0.5727793706653659,0.15971012553320268,0.15971012553320268
2327,0.4768477089936025,0.2734000764349341,0.2734000764349341
2328,-0.9077429148235483,0.4893078408946308,0.4893078408946308
2329,0.12044257795164337,0.9729087854135857,0.9729087854135857
2330,-0.5385979796908986,0.12921834394123932,0.12921834394123932
2331,0.06793599363760938,1.039038303049409,1.039038303049409
2332,0.8843053425430651,0.25291295622860616,0.25291295622860616
2333,-0.6265622616312647,0.05395466165505833,0.05395466165505833
2334,0.935678885973255,0.5913879165553545,0.5913879165553545
2335,0.8905270741771951,0.36721213150934445,0.36721213150934445
2336,-0.8036767878352262,-0.016778093457086557,-0.016778093457086557
2337,-0.7128602747116699,0.04106127338390183,0.04106127338390183
2338,-0.031602596781561854,0.9960796912912085,0.9960796912912085
2339,0.10493819256884818,0.9197508573428653,0.9197508573428653
2340,-0.3982334774742202,0.5339526701777781,0.5339526701777781
2341,-0.8320142116757625,0.16418372757585115,0.16418372757585115
2342,0.4759637313629099,0.3842726017351904,0.3842726017351904
2343,0.41273853249838677,0.27973974422403713,0.27973974422403713
2344,-0.8872086007806688,0.3869505444078964,0.3869505444078964
2345,0.92359600409104,0.44778701976068397,0.44778701976068397
2346,0.9633097570708196,0.6687207711546269,0.6687207711546269
2347,-0.5346086493553699,0.21168254578679097,0.21168254578679097
2348,-0.029031026785095504,1.007798848137787,1.007798848137787
2349,-0.3541607278826253,0.5462749345875967,0.5462749345875967
2350,0.10342551215005891,0.9551486143915029,0.9551486143915029
2351,-0.14069337541461024,0.8964050707879263,0.8964050707879263
2352,0.15107518973475087,0.9406754635455197,0.9406754635455197
2353,0.48356418303106197,0.3068442219608425,0.3068442219608425
2354,0.04931635385477384,0.9976868482655176,0.9976868482655176
2355,0.45247378009118555,0.3690231188292296,0.3690231188292296
2356,-0.8710951434376493,0.3180047477804224,0.3180047477804224
2357,0.5524515230305913,0.15088335395888025,0.15088335395888025
2358,-0.634690803654856,0.1405020856121567,0.1405020856121567
2359,0.9496882651867378,0.7259552539236929,0.7259552539236929
2360,0.897052933631602,0.35049980193084473,0.35049980193084473
2361,0.8454810037652314,0.34266942626210417,0.34266942626210417
2362,-0.5757290343245396,0.16723120886299936,0.16723120886299936
2363,0.6374526744643361,0.09158279547393619,0.09158279547393619
2364,-0.01948886618711443,1.031208020189308,1.031208020189308
2365,-0.7549764220364077,0.011849701997611723,0.011849701997611723
2366,0.06189058268812597,0.9811107135210695,0.9811107135210695
2367,-0.3177426607766767,0.6708702150458835,0.6708702150458835
2368,0.5557546237812419,0.17697936437784673,0.17697936437784673
2369,0.3997113876925906,0.42062913726092654,0.42062913726092654
2370,0.5058309962857064,0.25702855228992527,0.25702855228992527
2371,-0.787133006092769,0.048990390801421195,0.048990390801421195
2372,-0.38246560545174324,0.4435381853268249,0.4435381853268249
2373,0.15852699769882506,0.8482681332977262,0.8482681332977262
2374,-0.8082586040181587,0.092922898196201,0.092922898196201
2375,0.5072977439012283,0.24675125572046658,0.24675125572046658
2376,-0.7359421132640567,-0.04367290195636746,-0.04367290195636746
2377,-0.8181199454332331,0.14751190961018823,0.14751190961018823
2378,0.8662230293003774,0.12612632835501003,0.12612632835501003
2379,0.5666971123190838,0.13022994926509576,0.13022994926509576
2380,0.4505815827625328,0.3741049190789229,0.3741049190789229
2381,0.5169421928777096,0.15040735913107117,0.15040735913107117
2382,0.24328611952766832,0.7884899914830056,0.7884899914830056
2383,0.29381234430383074,0.7374517394776459,0.7374517394776459
2384,0.6635465669380534,0.07061065366699945,0.07061065366699945
2385,0.6129850340880931,0.059756987664456716,0.059756987664456716
2386,-0.8734686038512538,0.2988762113086839,0.2988762113086839
2387,-0.8691819699826677,0.27372707158254833,0.27372707158254833
2388,-0.8293885461550594,0.20985608319854826,0.20985608319854826
2389,-0.05973406595031494,0.9740395522373053,0.9740395522373053
2390,-0.29198667370011155,0.666854708790877,0.666854708790877
2391,0.23912920381525105,0.6766645409014466,0.6766645409014466
2392,-0.4069394292160564,0.5368844590048973,0.5368844590048973
2393,0.22268812163343488,0.7188769649067875,0.7188769649067875
2394,-0.6166003543499525,0.03816746798375793,0.03816746798375793
2395,0.20199886266516565,0.85343022409048,0.85343022409048
2396,-0.5984676913219993,0.13674694021245323,0.13674694021245323
2397,0.6170348956256428,0.043701598851897394,0.043701598851897394
2398,-0.2288003877186855,0.7786786366261083,0.7786786366261083
2399,-0.06554270543764829,0.9413296405388003,0.9413296405388003
2400,-0.2137775387493508,0.7506733893127902,0.7506733893127902
2401,-0.5272070331861034,0.15870690777460628,0.15870690777460628
2402,0.449410429496121,0.33461514999425285,0.33461514999425285
2403,0.48080865132117334,0.3681426177873232,0.3681426177873232
2404,-0.8294297470086276,0.08782268862997838,0.08782268862997838
2405,-0.13557972117183836,0.9418264548022619,0.9418264548022619
2406,-0.9861821251462122,0.8969742954060644,0.8969742954060644
2407,0.35925927625008724,0.5745942489281824,0.5745942489281824
2408,0.27670453967284714,0.7546324352769198,0.7546324352769198
2409,-0.26120208010890145,0.7758573512120929,0.7758573512120929
2410,0.028745317450403096,0.9303964813486132,0.9303964813486132
2411,-0.44710934549236403,0.3189670363499941,0.3189670363499941
2412,0.40666917962138216,0.40369959611032064,0.40369959611032064
2413,0.9367631450654723,0.5768528200406979,0.5768528200406979
2414,-0.8993619635365828,0.3324471627975085,0.3324471627975085
2415,0.4394366200537885,0.33809910061124393,0.33809910061124393
2416,0.959176434066781,0.6615087772386636,0.6615087772386636
2417,-0.2792882329090467,0.7484319640234407,0.7484319640234407
2418,0.4663444570284796,0.3097280754547687,0.3097280754547687
2419,0.5736504019496911,0.1327036251412893,0.1327036251412893
2420,-0.7741771840924125,0.13945647696395586,0.13945647696395586
2421,-0.5094163664748617,0.16860451814583638,0.16860451814583638
2422,-0.16055968420247524,0.8270302279519504,0.8270302279519504
2423,-0.945144226188922,0.619789009858418,0.619789009858418
2424,0.816439733800205,0.1413982570044374,0.1413982570044374
2425,0.2516147879224744,0.7680186400328918,0.7680186400328918
2426,-0.3987542226603733,0.45151760474252045,0.45151760474252045
2427,-0.29093605587239235,0.7498458447168321,0.7498458447168321
2428,-0.23697773424391588,0.7198034421521761,0.7198034421521761
2429,-0.14065411471784417,0.9618060386557418,0.9618060386557418
2430,-0.12702622204069924,0.9028982327391858,0.9028982327391858
2431,0.6813778456523099,-0.02377119948203333,-0.02377119948203333
2432,-0.6907073231947412,0.050097973189946424,0.050097973189946424
2433,0.3521898641755792,0.506161706329063,0.506161706329063
2434,-0.34411702559196455,0.6121668918165184,0.6121668918165184
2435,0.18292621560739342,0.8157528578607031,0.8157528578607031
2436,0.946047425085208,0.6143186891654229,0.6143186891654229
2437,0.34808936153996095,0.6123531481028764,0.6123531481028764
2438,-0.06431541251735773,0.9010828080043565,0.9010828080043565
2439,-0.4264368677723325,0.4040800393668295,0.4040800393668295
2440,-0.3152370703507146,0.6585597315782633,0.6585597315782633
2441,0.3753989687671233,0.4418161023929229,0.4418161023929229
2442,-0.7911556517743534,0.1386310714960197,0.1386310714960197
2443,0.9326897775507408,0.5302585596990773,0.5302585596990773
2444,0.8652806593598608,0.26389996291423684,0.26389996291423684
2445,-0.02932983006340062,1.1057544966238702,1.1057544966238702
2446,-0.5632443576056279,0.18571986785138922,0.18571986785138922
2447,-0.7760080700240941,0.055267616272050846,0.055267616272050846
2448,-0.5743767574135177,0.148871809047964,0.148871809047964
2449,-0.7138909690868127,0.03797188763485495,0.03797188763485495
2450,0.4586073353536013,0.35801160697774964,0.35801160697774964
2451,-0.3937919334390594,0.46605269152502893,0.46605269152502893
2452,-0.6968116491934324,-0.005067593012683807,-0.005067593012683807
2453,-0.24367241524699623,0.6731590840343235,0.6731590840343235
2454,0.5308309457202138,0.2006011678121661,0.2006011678121661
2455,0.12185086485409302,0.9634698068154355,0.9634698068154355
2456,0.09642459355493016,1.0530534694644482,1.0530534694644482
2457,-0.6525545439393237,0.01044020595192028,0.01044020595192028
2458,-0.18180282811489645,0.8789464167643267,0.8789464167643267
2459,-0.16156930569940497,0.9244858458611285,0.9244858458611285
2460,-0.7279067699759687,0.045360454473997544,0.045360454473997544
2461,0.6067622931863539,0.10749587618804471,0.10749587618804471
2462,0.03743827957831347,0.980744643716695,0.980744643716695
2463,-0.30060483506803126,0.5979943647308228,0.5979943647308228
2464,-0.4161733390451965,0.392076058593561,0.392076058593561
2465,-0.7843282416188759,0.0721650451068783,0.0721650451068783
2466,-0.05849219880524692,0.949009948728425,0.949009948728425
2467,-0.5792750178077355,0.08933042496806037,0.08933042496806037
2468,-0.5638235392376199,0.18093297082919016,0.18093297082919016
2469,0.5387475890951816,0.109949000958673,0.109949000958673
2470,-0.9203480933319979,0.46988257316049553,0.46988257316049553
2471,0.4797129499287742,0.2617165035813881,0.2617165035813881
2472,0.7125263554072834,0.012953509982073712,0.012953509982073712
2473,-0.7875190140525237,0.0540689215600311,0.0540689215600311
2474,0.5146036582211571,0.25687684175509534,0.25687684175509534
2475,0.7482723794929269,0.08992087346465025,0.08992087346465025
2476,0.15172796637462027,0.8792437803944428,0.8792437803944428
2477,-0.470560938698074,0.38051377597394764,0.38051377597394764
2478,-0.4674282444087823,0.3666931577375784,0.3666931577375784
2479,0.2946458071864084,0.61038838106484,0.61038838106484
2480,-0.37316642145574663,0.5264461011784701,0.5264461011784701
2481,-0.6050678593302523,0.028390933256346777,0.028390933256346777
2482,-0.905737748172148,0.3565989298214414,0.3565989298214414
2483,0.8092446141553931,0.10594725780793575,0.10594725780793575
2484,-0.4492809304685743,0.353957002961012,0.353957002961012
2485,-0.42141007177424994,0.4892284603176823,0.4892284603176823
2486,-0.33973384779574656,0.5438903556899013,0.5438903556899013
2487,-0.47079870125874645,0.354686024224945,0.354686024224945
2488,-0.42272715502304825,0.4696420580183224,0.4696420580183224
2489,0.5529952820901649,0.16801374914111575,0.16801374914111575
2490,-0.9459480562313947,0.6994297140744462,0.6994297140744462
2491,0.9128249634860832,0.4783024510726833,0.4783024510726833
2492,-0.957954854045008,0.6375219059425766,0.6375219059425766
2493,0.3753880746108056,0.411568089711094,0.411568089711094
2494,-0.31055154449109335,0.5909808444898329,0.5909808444898329
2495,-0.33127898250958654,0.5519386817889522,0.5519386817889522
2496,0.6775960813517496,0.11027768516758006,0.11027768516758006
2497,-0.81084723050534,0.1799031321174488,0.1799031321174488
2498,0.4140507594281595,0.46154036560461154,0.46154036560461154
2499,0.36942427256531096,0.49204048695983127,0.49204048695983127
2500,-0.7170095002579411,-0.05456326158459418,-0.05456326158459418
2501,-0.926803421059607,0.5198790934315826,0.5198790934315826
2502,-0.1976529653467871,0.9234828035224597,0.9234828035224597
2503,-0.06532323838540055,1.0343814261189206,1.0343814261189206
2504,-0.9430731303859163,0.638137709402192,0.638137709402192
2505,0.13115583919067197,0.9521402267565131,0.9521402267565131
2506,-0.03533282896064738,1.0650153519782215,1.0650153519782215
2507,0.17405652023121942,0.8983255911242685,0.8983255911242685
2508,0.4316736269247854,0.3666071171862757,0.3666071171862757
2509,0.059967955526871064,0.9670997827878796,0.9670997827878796
2510,0.8794143999811812,0.3240291500148046,0.3240291500148046
2511,0.4629350980192324,0.27696412335640125,0.27696412335640125
2512,-0.36988396168868576,0.5289384596331005,0.5289384596331005
2513,-0.8887077852322771,0.32641933864042083,0.32641933864042083
2514,-0.4968722516460391,0.2299570505007793,0.2299570505007793
2515,-0.8362984945363157,0.1791462276943096,0.1791462276943096
2516,0.6666015341137821,0.02101710450119583,0.02101710450119583
2517,-0.6792775390544448,0.055546861619830995,0.055546861619830995
2518,-0.18390705241714578,0.8510529380162611,0.8510529380162611
2519,0.01303915507312503,1.021930858741543,1.021930858741543
2520,-0.9225230915888396,0.46067944984748516,0.46067944984748516
2521,-0.8214368604055762,0.07913338553216759,0.07913338553216759
2522,-0.25121574380532974,0.8352643122162152,0.8352643122162152
2523,-0.18376205878053908,0.9024607988531724,0.9024607988531724
2524,0.5235587098022798,0.22207271054546926,0.22207271054546926
2525,-0.47458869586911945,0.33600200747232833,0.33600200747232833
2526,-0.24495551366242196,0.7925413868404887,0.7925413868404887
2527,-0.6930747261273289,-0.026155252380123437,-0.026155252380123437
2528,-0.26761113699353145,0.7395933050252849,0.7395933050252849
2529,0.13510919190908122,0.8234775641829704,0.8234775641829704
2530,0.05345032556358498,1.0471352999195005,1.0471352999195005
2531,0.25685004080503093,0.6582696624702301,0.6582696624702301
2532,-0.29226546365470374,0.66240604181922,0.66240604181922
2533,0.12574050576199913,1.049532689050419,1.049532689050419
2534,-0.9145135131640767,0.4504727854414472,0.4504727854414472
2535,-0.9207362148454896,0.43439752268535653,0.43439752268535653
2536,-0.013760835669681448,0.998686281647272,0.998686281647272
2537,0.9830322284589676,0.8361038783067437,0.8361038783067437
2538,0.12150535517804983,0.9146093474338011,0.9146093474338011
2539,-0.4129738493386059,0.4865447022067584,0.4865447022067584
2540,0.14709897024649066,0.8405725692260816,0.8405725692260816
2541,0.26367808595392184,0.7479060101314431,0.7479060101314431
2542,-0.6621926302031376,0.07651041051027077,0.07651041051027077
2543,0.4253524704491092,0.36640302973998895,0.36640302973998895
2544,0.6560671860561302,-0.05635600485195734,-0.05635600485195734
2545,0.9627894698240655,0.6791218748804964,0.6791218748804964
2546,0.13298569020878426,1.0089771984934626,1.0089771984934626
2547,0.13112775148676636,1.0077833630166688,1.0077833630166688
2548,-0.22029100909474497,0.7576655201398678,0.7576655201398678
2549,0.08067569573050504,1.006645120138816,1.006645120138816
2550,0.1841201348439485,0.779454157713279,0.779454157713279
2551,0.8365295584837009,0.20350521533470195,0.20350521533470195
2552,-0.8305307480510922,0.08590571575057657,0.08590571575057657
2553,-0.5615127211186619,0.16870353772480065,0.16870353772480065
2554,0.4263284532172482,0.3164382633007033,0.3164382633007033
2555,0.16223010381976644,0.9566453772838963,0.9566453772838963
2556,0.7808728914496457,0.07291183029817165,0.07291183029817165
2557,0.35856864741739947,0.5911923342050196,0.5911923342050196
2558,-0.698780863374709,-0.021679565597650212,-0.021679565597650212
2559,-0.9139161427721727,0.47770487919847243,0.47770487919847243
2560,0.2508096782360909,0.7671598030319536,0.7671598030319536
2561,0.8907632652112258,0.3032546095124063,0.3032546095124063
2562,-0.8151913530863466,0.09693818959805146,0.09693818959805146
2563,-0.30848046924175865,0.697431343122105,0.697431343122105
2564,-0.17402382935042682,0.8303745092724645,0.8303745092724645
2565,0.800475249912272,0.17409170056854018,0.17409170056854018
2566,0.06958349208392733,0.9749796444389425,0.9749796444389425
2567,-0.575059711385357,0.13872703610816048,0.13872703610816048
2568,0.1973491264430267,0.790375839617434,0.790375839617434
2569,0.23973536726449862,0.867245280371738,0.867245280371738
2570,-0.9357939693474755,0.5652943278390773,0.5652943278390773
2571,-0.469599605841478,0.3461891219628981,0.3461891219628981
2572,-0.6597356536187231,0.07706646175747947,0.07706646175747947
2573,0.899628148572643,0.40695938712744884,0.40695938712744884
2574,-0.08094162272677008,0.9749394491888927,0.9749394491888927
2575,-0.22974876450835735,0.7653523881269509,0.7653523881269509
2576,0.7060690287710427,0.004909735661528912,0.004909735661528912
2577,0.16939492185777993,0.9128812891553457,0.9128812891553457
2578,-0.6957165300149948,-0.0096162885108212,-0.0096162885108212
2579,0.2320689435907004,0.749844831753584,0.749844831753584
2580,-0.6707562573961374,-0.07220443097695217,-0.07220443097695217
2581,-0.6456141089808483,0.00117088416645943,0.00117088416645943
2582,0.8735009766694755,0.2928472143821234,0.2928472143821234
2583,0.5855798550824973,0.142134890430369,0.142134890430369
2584,-0.7337033554127699,-0.03200032271835288,-0.03200032271835288
2585,0.7404513591388775,0.11434396303948657,0.11434396303948657
2586,-0.7499926284468668,-0.02209934356430457,-0.02209934356430457
2587,-0.7247310760323984,-0.023000994372264702,-0.023000994372264702
2588,-0.9436191194307908,0.6319961123288049,0.6319961123288049
2589,-0.9387844965572056,0.578760425730942,0.578760425730942
2590,0.8598106321951422,0.17225817542611166,0.17225817542611166
2591,-0.5703652755644628,0.15025920887527403,0.15025920887527403
2592,-0.4514217257853588,0.3400526485348722,0.3400526485348722
2593,0.35919553782547164,0.5816796271768327,0.5816796271768327
2594,-0.5856566284386122,0.11422828636381277,0.11422828636381277
2595,-0.664729017578473,-0.007951538775859105,-0.007951538775859105
2596,-0.46729356528411636,0.3475441619630117,0.3475441619630117
2597,0.7993178680736897,0.1036451095503581,0.1036451095503581
2598,-0.1887109161010747,0.8496368488433961,0.8496368488433961
2599,0.935013737569977,0.5606906707261046,0.5606906707261046
2600,0.5193650589268717,0.2623209138668653,0.2623209138668653
2601,0.755122165148425,-0.002397905016758333,-0.002397905016758333
2602,0.8433212256412195,0.14779423973936845,0.14779423973936845
2603,0.7087476874649805,-0.07479603350268856,-0.07479603350268856
2604,-0.9238767819514999,0.49364983651655453,0.49364983651655453
2605,-0.1382604213284142,0.8896546575960684,0.8896546575960684
2606,-0.6468897713783643,0.045746590512979246,0.045746590512979246
2607,-0.6424986652855325,0.043431896657411,0.043431896657411
2608,0.5401474603010099,0.18182750584902824,0.18182750584902824
2609,0.3964847480511695,0.43725314893081163,0.43725314893081163
2610,-0.11692198226211103,0.9239014532421378,0.9239014532421378
2611,0.03803265083962448,0.9738023358556795,0.9738023358556795
2612,-0.8251894289338193,0.08168742663153432,0.08168742663153432
2613,0.6048527174550615,0.056877034737550014,0.056877034737550014
2614,-0.33386557439641495,0.6752629221022822,0.6752629221022822
2615,-0.8693937617972785,0.2707415814987531,0.2707415814987531
2616,-0.5969397493041917,0.08307637097431249,0.08307637097431249
2617,-0.5791116193949355,0.10164004995689403,0.10164004995689403
2618,-0.2617937446432965,0.7087623621136092,0.7087623621136092
2619,-0.44497013314253997,0.3988887265281763,0.3988887265281763
2620,-0.413358520994054,0.4081394613898347,0.4081394613898347
2621,0.4144733991491083,0.41178770902336553,0.41178770902336553
2622,0.7299896975063032,0.030742786642785954,0.030742786642785954
2623,-0.5324018333758176,0.1501407361686391,0.1501407361686391
2624,-0.37919577536291094,0.4676577617542945,0.4676577617542945
2625,-0.7353014429259537,0.006720917072677833,0.006720917072677833
2626,-0.6259865665286963,0.04232923884430365,0.04232923884430365
2627,0.6378984493554705,0.11432552012358829,0.11432552012358829
2628,-0.17422253305959168,0.8564278453458395,0.8564278453458395
2629,0.0688924943359448,0.9421145722321865,0.9421145722321865
2630,0.11100817652837991,0.8841674832841536,0.8841674832841536
2631,0.051504185474574804,0.8828533693958581,0.8828533693958581
2632,-0.8271101509231287,0.1394223747471111,0.1394223747471111
2633,-0.7507125847075311,0.10724530016777886,0.10724530016777886
2634,-0.991549215203142,0.9281390214939143,0.9281390214939143
2635,-0.1448515178598766,0.8970523008875085,0.8970523008875085
2636,0.8436076780781601,0.24733113041937513,0.24733113041937513
2637,-0.11560141908471322,0.9264687556863181,0.9264687556863181
2638,-0.0733143505082472,0.9246282396625779,0.9246282396625779
2639,0.7334238439131802,-0.029181884351248213,-0.029181884351248213
2640,-0.2996838535843849,0.6954755417809152,0.6954755417809152
2641,-0.8604630119668186,0.24436508891247113,0.24436508891247113
2642,-0.5840918625277334,0.09086477432748918,0.09086477432748918
2643,-0.583290383506661,0.12953468614983382,0.12953468614983382
2644,-0.7806306085020562,0.0001287520972949388,0.0001287520972949388
2645,-0.930574387701635,0.579976266986278,0.579976266986278
2646,0.3727725144060794,0.5202498312278512,0.5202498312278512
2647,0.9569335802055909,0.7196511789667956,0.7196511789667956
2648,-0.5023917501224207,0.27646776988551425,0.27646776988551425
2649,-0.47569223257893345,0.3933324959556241,0.3933324959556241
2650,0.8069647571411251,0.118511904686781,0.118511904686781
2651,-0.6476952749662657,0.034139246206382624,0.034139246206382624
2652,-0.47002763005987247,0.36322961525836706,0.36322961525836706
2653,-0.861179939720156,0.33946931920063755,0.33946931920063755
2654,0.30739754084441695,0.5895246235027258,0.5895246235027258
2655,0.9834666931946872,0.9365789540326945,0.9365789540326945
2656,0.718653560420863,0.002059326238369579,0.002059326238369579
2657,0.5667581020332952,0.241050372626811,0.241050372626811
2658,0.4935072162808827,0.29128325623494444,0.29128325623494444
2659,-0.48868162669523363,0.27201027606379363,0.27201027606379363
2660,0.3999550571064505,0.46256532371559933,0.46256532371559933
2661,-0.9475479532246869,0.5674645469077663,0.5674645469077663
2662,0.9798025210104444,0.8571700691871463,0.8571700691871463
2663,0.5068735541680671,0.27239984630290554,0.27239984630290554
2664,0.07739797130565718,0.9478187477482836,0.9478187477482836
2665,-0.347606676317596,0.5448249815124517,0.5448249815124517
2666,-0.718240117309797,0.038218784752509005,0.038218784752509005
2667,-0.9853665717366431,0.8695821963657504,0.8695821963657504
2668,0.12612907353023406,0.932292671731717,0.932292671731717
2669,-0.16510477995271233,0.9590081366636196,0.9590081366636196
2670,0.2210316824933123,0.814209146565968,0.814209146565968
2671,-0.8330481543440811,0.20508183480475717,0.20508183480475717
2672,-0.8732642279457845,0.32056628264668574,0.32056628264668574
2673,-0.40655348789922496,0.5164683316836631,0.5164683316836631
2674,-0.7798153170623829,0.06000810976132908,0.06000810976132908
2675,0.9017076579920322,0.4045364532548449,0.4045364532548449
2676,0.6446758056480784,0.06959394549566077,0.06959394549566077
2677,-0.034680341188822794,0.8711424165269853,0.8711424165269853
2678,-0.5541259046504001,0.126940939340933,0.126940939340933
2679,0.07121189392811056,0.9855379197539453,0.9855379197539453
2680,-0.48302088595133785,0.2597394006974006,0.2597394006974006
2681,-0.6623826576402989,0.053914731176991096,0.053914731176991096
2682,0.8491042105977762,0.12303421251510663,0.12303421251510663
2683,0.5822689984314826,0.0589721992563642,0.0589721992563642
2684,0.9369565124102861,0.6325930813716225,0.6325930813716225
2685,-0.8640350709517808,0.24816408095348774,0.24816408095348774
2686,-0.377091292661607,0.5215889271473066,0.5215889271473066
2687,0.2501127430387129,0.8006381576969144,0.8006381576969144
2688,-0.6269731390555349,0.0075828034974951344,0.0075828034974951344
2689,0.6592659419510276,0.08278344083217865,0.08278344083217865
2690,0.25724478461188527,0.8313380538841846,0.8313380538841846
2691,-0.2502640295535057,0.8486637596522685,0.8486637596522685
2692,-0.886392463139281,0.3186339051937095,0.3186339051937095
2693,0.3291279816399659,0.6026013846025466,0.6026013846025466
2694,0.1771690551129701,0.9873880253390708,0.9873880253390708
2695,-0.38154123683013097,0.4336561101224766,0.4336561101224766
2696,-0.9427802087620194,0.5850281152631821,0.5850281152631821
2697,0.513752703909357,0.15298896620153096,0.15298896620153096
2698,-0.42917396116836337,0.4442129884056796,0.4442129884056796
2699,-0.21306243497175892,0.8411520047763346,0.8411520047763346
2700,0.03566724726844339,0.9840495366438383,0.9840495366438383
2701,0.5796555575846927,0.13239893117658988,0.13239893117658988
2702,-0.8801313526732788,0.3513531546195825,0.3513531546195825
2703,-0.565345513653964,0.18198498126663315,0.18198498126663315
2704,0.5284634160439512,0.14379488600588328,0.14379488600588328
2705,-0.3700487121391276,0.3772969247993987,0.3772969247993987
2706,0.3692345973024551,0.5109830362016806,0.5109830362016806
2707,-0.6549766045727767,0.033058229991200394,0.033058229991200394
2708,-0.975400850428835,0.821303653146153,0.821303653146153
2709,-0.1343473053885933,0.9143727586889038,0.9143727586889038
2710,0.9700704583669817,0.7285312787468707,0.7285312787468707
2711,0.31396288911709624,0.6344574854645488,0.6344574854645488
2712,0.19161763725403036,0.8394750857403788,0.8394750857403788
2713,0.01983791911786592,0.972186206955354,0.972186206955354
2714,-0.9077641552297548,0.4324301036801454,0.4324301036801454
2715,-0.633092481165219,0.05131300093863336,0.05131300093863336
2716,-0.6196203964853264,0.020165442334019464,0.020165442334019464
2717,-0.5966545109378809,0.030763247068943955,0.030763247068943955
2718,-0.5650585087304569,0.1406618864730029,0.1406618864730029
2719,0.7646856529064912,0.02190688163656626,0.02190688163656626
2720,-0.2912721125318083,0.6532240825106893,0.6532240825106893
2721,0.9376224119739804,0.5898800295064647,0.5898800295064647
2722,-0.8526033932343529,0.18556621757746253,0.18556621757746253
2723,0.34340517932306835,0.6180909941604941,0.6180909941604941
2724,-0.8040072741562148,0.11200526777793275,0.11200526777793275
2725,-0.1735196568965771,0.9085969024509921,0.9085969024509921
2726,0.18957114148795196,0.9622709357371987,0.9622709357371987
2727,-0.10180751740441685,0.9849871313514489,0.9849871313514489
2728,0.4717516181568133,0.3516462187556848,0.3516462187556848
2729,0.061790614115069475,1.0473295550191308,1.0473295550191308
2730,-0.9412212396782464,0.6447021045258534,0.6447021045258534
2731,0.9285715655663798,0.5373578352868233,0.5373578352868233
2732,-0.4320568760920884,0.334852713898594,0.334852713898594
2733,-0.8692967531478946,0.27156116875768266,0.27156116875768266
2734,-0.935915983797633,0.5519684848817122,0.5519684848817122
2735,-0.19519455765185834,0.8139861222405884,0.8139861222405884
2736,0.9869958979594637,0.8422273616820297,0.8422273616820297
2737,0.1595139578940976,0.8438067781243569,0.8438067781243569
2738,0.5626714698309334,0.046189816923804417,0.046189816923804417
2739,0.20145502736540033,0.8006145849249033,0.8006145849249033
2740,-0.9375330336103631,0.5281605825469069,0.5281605825469069
2741,0.10739653895454593,0.9676733692432427,0.9676733692432427
2742,-0.11742651064831833,0.8773364003474321,0.8773364003474321
2743,-0.10955960162714429,0.933227132173348,0.933227132173348
2744,0.879437760963677,0.272216422678842,0.272216422678842
2745,0.3734359859397076,0.48519886674650664,0.48519886674650664
2746,-0.7174784981511517,-0.030158663386802193,-0.030158663386802193
2747,0.85371248282534,0.20862049722082168,0.20862049722082168
2748,-0.9078747820666162,0.4247797884955109,0.4247797884955109
2749,-0.8317951654275599,0.15549197402387807,0.15549197402387807
2750,-0.07293972329658938,0.947211953079615,0.947211953079615
2751,0.47101651435111314,0.3167716615875577,0.3167716615875577
2752,0.6125175680696682,-0.0066445135006563474,-0.0066445135006563474
2753,0.6692144580065063,-0.028721747221973702,-0.028721747221973702
2754,0.1616031258738022,0.8198995013320607,0.8198995013320607
2755,-0.6137592999382075,-0.024200282706934445,-0.024200282706934445
2756,0.438294090422672,0.40972442185285085,0.40972442185285085
2757,-0.4322203534341862,0.4278025511692354,0.4278025511692354
2758,0.26017601051843875,0.7400146722076444,0.7400146722076444
2759,0.5557088281345777,0.1180042506750062,0.1180042506750062
2760,0.41056405146699837,0.5108656605346633,0.5108656605346633
2761,-0.8693369502172477,0.27792217823353466,0.27792217823353466
2762,-0.29070480564052836,0.7548985821282379,0.7548985821282379
2763,-0.41196866383020936,0.45595363583236664,0.45595363583236664
2764,-0.23319321243488034,0.7816446012630638,0.7816446012630638
2765,0.4078765307729242,0.5274169251171206,0.5274169251171206
2766,0.6048129396537094,0.022742403778174936,0.022742403778174936
2767,-0.2999301527013951,0.7416716131446824,0.7416716131446824
2768,0.9196120996044548,0.4217479151488446,0.4217479151488446
2769,0.7365535916337258,-0.012168507718089744,-0.012168507718089744
2770,0.603038240786091,0.1182314988976658,0.1182314988976658
2771,0.18793830114429055,0.8200596903859568,0.8200596903859568
2772,0.2275563102136562,0.8583363598794663,0.8583363598794663
2773,-0.6841675114432946,0.026056995653624897,0.026056995653624897
2774,-0.31962066084788754,0.5768340262478581,0.5768340262478581
2775,0.6131279579869269,-0.010690712242187629,-0.010690712242187629
2776,-0.5770569461951913,0.13018832424297547,0.13018832424297547
2777,-0.1926260166619871,0.871172093009377,0.871172093009377
2778,0.2734644930821972,0.7322031720498973,0.7322031720498973
2779,-0.47624167130812145,0.21145329569743454,0.21145329569743454
2780,-0.25308637170881276,0.7625610372379907,0.7625610372379907
2781,0.9372791622235594,0.5746583415059981,0.5746583415059981
2782,0.9045444472177511,0.43242026723499155,0.43242026723499155
2783,0.4842032258725184,0.2812918217845572,0.2812918217845572
2784,0.650562494130901,0.08771352550386112,0.08771352550386112
2785,0.2160044213938659,0.8444545710863332,0.8444545710863332
2786,0.5416036742431982,0.34553496805468387,0.34553496805468387
2787,-0.3257754028093407,0.5568709286412987,0.5568709286412987
2788,0.19024717089870857,0.7778379986801942,0.7778379986801942
2789,0.39076631814421914,0.46349832645265715,0.46349832645265715
2790,-0.7524465558098095,-0.003929348410432347,-0.003929348410432347
2791,-0.3097385978608225,0.636757775950149,0.636757775950149
2792,0.01948581908118907,1.0329188303542354,1.0329188303542354
2793,0.9666621040409644,0.896723375263356,0.896723375263356
2794,0.2833104465508738,0.7015163730701508,0.7015163730701508
2795,0.38896243987821055,0.4882171561825536,0.4882171561825536
2796,-0.7936638972327452,0.04376876707720839,0.04376876707720839
2797,0.03626496319931549,1.1273920629570202,1.1273920629570202
2798,-0.5297204927221626,0.2503615656089321,0.2503615656089321
2799,0.4406602902863561,0.3969061500819085,0.3969061500819085
2800,0.6768522228547362,0.10881567040540265,0.10881567040540265
2801,-0.7375130232529186,-0.010228661135312928,-0.010228661135312928
2802,0.782003185550127,0.016679460015587094,0.016679460015587094
2803,0.20854486804391636,0.8425541823323638,0.8425541823323638
2804,0.4307295371277762,0.37960742170984463,0.37960742170984463
2805,-0.7018687379537583,0.07630988943848875,0.07630988943848875
2806,-0.775871214541922,0.056155930820542904,0.056155930820542904
2807,0.9570260031698161,0.7232506953023391,0.7232506953023391
2808,0.23019561588728377,0.8278912473971095,0.8278912473971095
2809,0.18746192887103041,0.8851894195429262,0.8851894195429262
2810,-0.7120949546053541,0.049463668112706846,0.049463668112706846
2811,0.08258998857012645,0.9558158573992134,0.9558158573992134
2812,-0.5418150153897494,0.26593873212584984,0.26593873212584984
2813,0.11973781438852993,0.9795239000572479,0.9795239000572479
2814,-0.46589906572054196,0.3416826201583457,0.3416826201583457
2815,-0.5160872435184785,0.21714356928347325,0.21714356928347325
2816,0.13531873297282937,0.9730234331545273,0.9730234331545273
2817,-0.7281226353915216,0.051619637665350486,0.051619637665350486
2818,0.9774678509044399,0.8474241218391918,0.8474241218391918
2819,0.28978001394006037,0.7439410383457022,0.7439410383457022
2820,0.7639385228947455,0.0022467176845977557,0.0022467176845977557
2821,0.09899154954118461,1.0295857593428446,1.0295857593428446
2822,0.4314282359162902,0.34274850596775475,0.34274850596775475
2823,-0.6894295537600719,-0.014818755321999201,-0.014818755321999201
2824,-0.7061296749138477,0.013120184707221596,0.013120184707221596
2825,0.5125595163225565,0.19674551206788185,0.19674551206788185
2826,-0.4748312563853996,0.31284851821642023,0.31284851821642023
2827,-0.5235654447117823,0.13690624446697228,0.13690624446697228
2828,-0.39023440750685046,0.4298571713971084,0.4298571713971084
2829,-0.17689811628314733,0.774964167537013,0.774964167537013
2830,0.44975308430246175,0.3299814866323868,0.3299814866323868
2831,0.8692806972949583,0.3200043493811307,0.3200043493811307
2832,0.5594378860775628,0.07761727130320283,0.07761727130320283
2833,-0.034944119288800035,0.9944884865090992,0.9944884865090992
2834,0.5422310349497639,0.09603580797634419,0.09603580797634419
2835,-0.7732279435038352,0.0854576540913923,0.0854576540913923
2836,-0.754873244464423,0.043006191346849854,0.043006191346849854
2837,-0.7062496694068467,0.115041954893701,0.115041954893701
2838,-0.06005472288361191,1.0245623286584136,1.0245623286584136
2839,0.8137590492673004,0.18579838349499966,0.18579838349499966
2840,-0.5347430896446708,0.14167400121630466,0.14167400121630466
2841,-0.44401238048107916,0.34148264838401593,0.34148264838401593
2842,0.7583076152231898,0.049403158238071704,0.049403158238071704
2843,0.8326741377723046,0.15414517550553258,0.15414517550553258
2844,-0.519386204387495,0.26755089465028736,0.26755089465028736
2845,0.3760293214438579,0.5171681452547114,0.5171681452547114
2846,0.14157866222368498,0.8893036434410275,0.8893036434410275
2847,0.9096903696019281,0.4525642476965438,0.4525642476965438
2848,0.7158666764532002,-0.0034180799664026563,-0.0034180799664026563
2849,0.7993353461997952,0.028465692880124883,0.028465692880124883
2850,-0.32869772871096803,0.6178352568854977,0.6178352568854977
2851,0.08799749681115965,0.9527774800050788,0.9527774800050788
2852,0.8604795311935651,0.2178443104414005,0.2178443104414005
2853,0.44959429153236585,0.3361246358763388,0.3361246358763388
2854,-0.6170425305564997,0.013685923932311737,0.013685923932311737
2855,0.8464364049116655,0.24764082102075707,0.24764082102075707
2856,0.46016229307491585,0.2904112329832811,0.2904112329832811
2857,0.9226709766385872,0.409319683620877,0.409319683620877
2858,0.22777071573842878,0.8320934017437088,0.8320934017437088
2859,-0.16031461930589064,0.8442619235709699,0.8442619235709699
2860,0.03576818867360276,1.0170614911189502,1.0170614911189502
2861,0.838183295524753,0.12529110278396519,0.12529110278396519
2862,0.6327299181902708,0.05149703024212981,0.05149703024212981
2863,-0.6449649890635716,0.023778955568614115,0.023778955568614115
2864,-0.6506608606925546,0.03554995916237979,0.03554995916237979
2865,-0.9741704875808705,0.8604858233169088,0.8604858233169088
2866,0.7720557735884408,0.049014811067078445,0.049014811067078445
2867,0.6608066110633537,-0.05189800647368659,-0.05189800647368659
2868,0.7989688765095795,0.11145901427464189,0.11145901427464189
2869,0.8886096085268431,0.2542413856253672,0.2542413856253672
2870,-0.3452598348928553,0.5949516519058772,0.5949516519058772
2871,0.7656714094710122,-0.02274621934382032,-0.02274621934382032
2872,0.577667968076051,0.07445010790038711,0.07445010790038711
2873,-0.3703300808054997,0.521243932109734,0.521243932109734
2874,0.09766949752967724,0.9494521415524417,0.9494521415524417
2875,-0.9542297919895217,0.6283998847448031,0.6283998847448031
2876,-0.9713756082066272,0.7769710244296719,0.7769710244296719
2877,0.24998412917114066,0.706463126541231,0.706463126541231
2878,0.1510428734676328,0.926137318498768,0.926137318498768
2879,0.020370160471857135,1.0336233486442716,1.0336233486442716
2880,0.6099125615001955,0.0469403072601489,0.0469403072601489
2881,-0.841274070940379,0.24270917711436002,0.24270917711436002
2882,0.7648133242886805,-0.012025132028922112,-0.012025132028922112
2883,0.12518623722562272,0.8810561043022636,0.8810561043022636
2884,0.3609094836604927,0.5244808929679604,0.5244808929679604
2885,0.4046508491906464,0.4389306812668434,0.4389306812668434
2886,-0.18637648933093054,0.8004849165181378,0.8004849165181378
2887,-0.7937885537181293,0.15400218720348588,0.15400218720348588
2888,-0.434194935093666,0.3634798979911922,0.3634798979911922
2889,0.9389129993899068,0.5641441330519238,0.5641441330519238
2890,-0.8064381666309013,0.06707659881418457,0.06707659881418457
2891,0.27378138909634564,0.6991450768511887,0.6991450768511887
2892,0.22214947859256307,0.8192436401187705,0.8192436401187705
2893,-0.27456045907917925,0.7334926574795327,0.7334926574795327
2894,-0.6993606395693632,-0.006271190769593804,-0.006271190769593804
2895,-0.24184099669399473,0.772770481850926,0.772770481850926
2896,-0.7505579514560259,-0.005288577887987277,-0.005288577887987277
2897,0.83032369923008,0.172324361275257,0.172324361275257
2898,-0.3079625895465459,0.7638400928356033,0.7638400928356033
2899,0.5461156182236191,0.18544931273747303,0.18544931273747303
2900,0.32595431028250776,0.605584161951625,0.605584161951625
2901,-0.07292298294634758,0.9682208574831349,0.9682208574831349
2902,0.5119717002837072,0.22122550388902665,0.22122550388902665
2903,0.6297590121211518,0.07158499754515385,0.07158499754515385
2904,0.6482329714249142,-0.03659569657958396,-0.03659569657958396
2905,0.7048680521647119,-0.0279822339351768,-0.0279822339351768
2906,-0.4716225191604424,0.3660413647882562,0.3660413647882562
2907,-0.10175805895816747,1.027054517190441,1.027054517190441
2908,0.4344557504007305,0.36448181951312586,0.36448181951312586
2909,-0.868217128270893,0.2852210382075495,0.2852210382075495
2910,0.09777829014754724,0.9401029785595197,0.9401029785595197
2911,0.16955037680784235,0.8947848112495289,0.8947848112495289
2912,0.4654355892967048,0.3430566613631073,0.3430566613631073
2913,0.5157634229279884,0.19318426052563162,0.19318426052563162
2914,-0.514344271893389,0.20897400206563435,0.20897400206563435
2915,0.2483429731355169,0.7236198178681266,0.7236198178681266
2916,0.08694998766306439,0.9373425462031924,0.9373425462031924
2917,0.6902685711541747,0.015065787713674256,0.015065787713674256
2918,0.5956476868796479,0.07972320642549809,0.07972320642549809
2919,-0.6913361073339486,-0.033938444986394346,-0.033938444986394346
2920,-0.14922193520889637,0.9176161665208357,0.9176161665208357
2921,0.4031800585368619,0.48769384690554346,0.48769384690554346
2922,0.29950472173744624,0.6480440028476119,0.6480440028476119
2923,-0.6108523370862982,0.002275321853621802,0.002275321853621802
2924,-0.6910625431012707,-0.042789225785993534,-0.042789225785993534
2925,-0.9492161996592465,0.5639891569517271,0.5639891569517271
2926,-0.9654589166863581,0.7431389005034164,0.7431389005034164
2927,-0.12659548484067296,0.933874951414528,0.933874951414528
2928,0.341690590329069,0.5282819408155417,0.5282819408155417
2929,-0.09708652287089348,0.8838151073030112,0.8838151073030112
2930,-0.21901012281645693,0.8205972726623412,0.8205972726623412
2931,0.4552680416376591,0.3235019950721919,0.3235019950721919
2932,-0.6214697974815713,0.07485723508069259,0.07485723508069259
2933,-0.7027799151147425,0.05943136457916015,0.05943136457916015
2934,0.313318006989733,0.6321368547961765,0.6321368547961765
2935,-0.30890648201682214,0.6590382633840468,0.6590382633840468
2936,0.056286846742748864,0.9463311510083902,0.9463311510083902
2937,-0.5045330547922928,0.2269782164702145,0.2269782164702145
2938,0.8278118835553954,0.10840686105637308,0.10840686105637308
2939,-0.6130145740757202,0.03469909203453801,0.03469909203453801
2940,-0.3397118785769011,0.630043514165959,0.630043514165959
2941,-0.9598982586265561,0.7801775333099105,0.7801775333099105
2942,-0.8272707861867858,0.14418759336773068,0.14418759336773068
2943,-0.6424108416558634,0.04017595776376583,0.04017595776376583
2944,0.3337967441122023,0.6599817459183923,0.6599817459183923
2945,-0.9649180971489237,0.7526283530027075,0.7526283530027075
2946,-0.6084174007490322,0.15020082765131165,0.15020082765131165
2947,0.6999913994185634,0.025520736527765032,0.025520736527765032
2948,0.23647343857153302,0.8092151108132839,0.8092151108132839
2949,-0.057271548382686666,1.0257415930879283,1.0257415930879283
2950,0.690596026036683,-0.007937683533325827,-0.007937683533325827
2951,0.22711894711285452,0.8336536249019134,0.8336536249019134
2952,0.3197715065098645,0.6513749200758957,0.6513749200758957
2953,-0.09840659200288826,0.9544074560780519,0.9544074560780519
2954,0.22992864853996342,0.7900137266154292,0.7900137266154292
2955,0.7186265121972197,0.029139090011049622,0.029139090011049622
2956,0.8363462669224888,0.11375288065381463,0.11375288065381463
2957,0.3805366653771638,0.4566930589574375,0.4566930589574375
2958,0.9053960405551484,0.378638483502978,0.378638483502978
2959,0.3394918639811131,0.5978871322764072,0.5978871322764072
2960,-0.3183056266598183,0.7196341370296173,0.7196341370296173
2961,0.044594300042049895,0.9992679765960923,0.9992679765960923
2962,0.3029813649529982,0.6622493007838803,0.6622493007838803
2963,0.27586526082835605,0.7329562025721059,0.7329562025721059
2964,0.6476612141326406,0.028852294522724822,0.028852294522724822
2965,-0.707828173135276,-0.012545975769627125,-0.012545975769627125
2966,0.39685731114968203,0.49377200092481865,0.49377200092481865
2967,0.6872012326623897,-0.0031992738538495027,-0.0031992738538495027
2968,0.021221884417056636,1.0292531831078935,1.0292531831078935
2969,0.4714113184578337,0.3618169989170624,0.3618169989170624
2970,0.8182277793241552,0.12263556033605456,0.12263556033605456
2971,0.4520300901929961,0.3650998131503532,0.3650998131503532
2972,0.8950271210824865,0.3787093089343751,0.3787093089343751
2973,-0.11222962028178651,0.9612621654625626,0.9612621654625626
2974,0.09651238602730117,0.8887833473315572,0.8887833473315572
2975,0.28310023522024874,0.7923635491359067,0.7923635491359067
2976,0.31855188084902664,0.6501998445545347,0.6501998445545347
2977,0.3660406835124992,0.5093214519153003,0.5093214519153003
2978,0.669004672693911,0.009854875889695011,0.009854875889695011
2979,-0.09082276505581266,0.9902713182523334,0.9902713182523334
2980,-0.5825647353295533,0.2027908257658061,0.2027908257658061
2981,0.5272440281579591,0.11592502804699109,0.11592502804699109
2982,0.653792768779224,-0.0337089400261394,-0.0337089400261394
2983,0.5957768397657068,0.03301171883265659,0.03301171883265659
2984,0.20269176038381453,0.8616116964583952,0.8616116964583952
2985,0.20447668843668398,0.8908290858453459,0.8908290858453459
2986,-0.06711290636499778,1.016857227067094,1.016857227067094
2987,-0.43027647759567245,0.4088874945248341,0.4088874945248341
2988,-0.2714319062434001,0.7464505445839051,0.7464505445839051
2989,0.7021583813141943,-0.08290805490170823,-0.08290805490170823
2990,0.524181513672604,0.22362686402691098,0.22362686402691098
2991,0.18804837521042983,0.8884282553862243,0.8884282553862243
2992,-0.705998484132434,-0.01784388901677237,-0.01784388901677237
2993,0.07066532262282088,0.9577358161658793,0.9577358161658793
2994,0.8151095034179812,0.10931857896412016,0.10931857896412016
2995,-0.8093800293360762,0.12360897572137133,0.12360897572137133
2996,-0.7936937789269378,-0.011603280383690961,-0.011603280383690961
2997,0.7895397664777777,0.0764881965696306,0.0764881965696306
2998,0.07532879167952866,0.8404903743800547,0.8404903743800547
2999,-0.5294713179457216,0.22365931979729142,0.22365931979729142
3000,0.8537802855759145,0.26413340906648114,0.26413340906648114
3001,-0.765772267018451,-0.026204536728247733,-0.026204536728247733
3002,-0.75111526327145,0.06670252276764192,0.06670252276764192
3003,0.21982356897484556,0.8920345768089625,0.8920345768089625
3004,-0.17051408735954454,0.9254205922069314,0.9254205922069314
3005,-0.41408604689061357,0.42324877217919565,0.42324877217919565
3006,0.6579368085989954,0.0429728348073829,0.0429728348073829
3007,0.9775219909662274,0.8532676599438603,0.8532676599438603
3008,0.6907428297634117,-0.04315804547294391,-0.04315804547294391
3009,-0.16019478291909328,0.8376220174899063,0.8376220174899063
3010,-0.9133145578417454,0.47380987128626784,0.47380987128626784
3011,0.9556838134470651,0.7240325033497977,0.7240325033497977
3012,-0.5049182633188989,0.24976545078207985,0.24976545078207985
3013,0.34296625167368555,0.5906751270556366,0.5906751270556366
3014,0.7037475631653534,-0.10196695399065218,-0.10196695399065218
3015,0.8504966601247048,0.1867937499987899,0.1867937499987899
3016,-0.7910672461950652,0.022145480821558386,0.022145480821558386
3017,-0.7551779584918397,0.05211400092162275,0.05211400092162275
3018,0.5797046816027485,0.07255603694777177,0.07255603694777177
3019,0.7863491058515555,0.006760613393094035,0.006760613393094035
3020,0.4529943919954629,0.36176687119716366,0.36176687119716366
3021,0.7336494276030314,0.011918239084022002,0.011918239084022002
3022,0.5416415129631753,0.22792017098481412,0.22792017098481412
3023,-0.8511093491027233,0.2006523708347635,0.2006523708347635
3024,-0.8025471888008768,0.07471687280458326,0.07471687280458326
3025,0.7829711793377319,0.03855502180688278,0.03855502180688278
3026,0.8107607820204055,0.09286642090772003,0.09286642090772003
3027,-0.9153451337641862,0.4040980498029736,0.4040980498029736
3028,-0.7836776213033589,-0.0113814982216481,-0.0113814982216481
3029,0.044777789544049984,1.053765247955838,1.053765247955838
3030,0.113497930636004,0.8322403595784514,0.8322403595784514
3031,0.2723525613830824,0.7715209590910354,0.7715209590910354
3032,-0.12515946397927946,0.9514761069210445,0.9514761069210445
3033,-0.03616376506252639,1.0134426899678803,1.0134426899678803
3034,0.30388221481592237,0.6051059683239249,0.6051059683239249
3035,0.13525967226158686,0.8463686129047068,0.8463686129047068
3036,-0.06716600327760336,0.9597680155970142,0.9597680155970142
3037,0.3428427190363048,0.6183311992605709,0.6183311992605709
3038,-0.7535325592998563,0.07574412526749436,0.07574412526749436
3039,0.20392500387214918,0.8676035151091722,0.8676035151091722
3040,-0.5151167363965534,0.26206880928024584,0.26206880928024584
3041,-0.7725679157214704,0.03510393124095082,0.03510393124095082
3042,-0.442991083622313,0.4610616568759346,0.4610616568759346
3043,-0.5044137675348828,0.2424483387595645,0.2424483387595645
3044,0.1607763372241202,0.9251492966601769,0.9251492966601769
3045,-0.06739951502866126,0.9524142021533402,0.9524142021533402
3046,0.6136766771443225,0.11989478706736602,0.11989478706736602
3047,0.44361737836313053,0.37907781160813314,0.37907781160813314
3048,-0.8307389251027015,0.0816641468865783,0.0816641468865783
3049,-0.41772282296696983,0.5168370335319962,0.5168370335319962
3050,0.998726566936899,0.9944204372221024,0.9944204372221024
3051,-0.16230300445967916,0.8460461287613519,0.8460461287613519
3052,0.679736378923758,-0.033557263529787336,-0.033557263529787336
3053,0.8305952226892275,0.1532875783656554,0.1532875783656554
3054,-0.8407327446110227,0.2073577503097151,0.2073577503097151
3055,0.8976457554052624,0.3845767849312456,0.3845767849312456
3056,0.8519960185948512,0.28752444990636233,0.28752444990636233
3057,0.7588724391999873,0.12603043593092011,0.12603043593092011
3058,0.23848197305217989,0.8384855460894045,0.8384855460894045
3059,0.09835518007144839,0.9267573277507146,0.9267573277507146
3060,0.26089483141166014,0.8285550286183819,0.8285550286183819
3061,-0.8066020699895671,0.14864676275988062,0.14864676275988062
3062,-0.32726566729341267,0.7163049844321563,0.7163049844321563
3063,0.2850080422749779,0.6608941825725088,0.6608941825725088
3064,0.2932713325488665,0.6511407981664377,0.6511407981664377
3065,0.36214478285997065,0.5720022934481859,0.5720022934481859
3066,0.4014755056507755,0.49449018951833557,0.49449018951833557
3067,0.38483040963066006,0.4731611350441411,0.4731611350441411
3068,0.8100829143951018,0.116585492820745,0.116585492820745
3069,0.783519352079064,-0.025047076130520242,-0.025047076130520242
3070,-0.2243634714111793,0.8391458158154232,0.8391458158154232
3071,0.7599353598989265,0.02564086892377653,0.02564086892377653
3072,0.32622216677119353,0.5845186960656198,0.5845186960656198
3073,-0.7019213349249855,-0.10796115711476464,-0.10796115711476464
3074,0.7250433509082179,0.028941026264199296,0.028941026264199296
3075,-0.48207843282196494,0.2715803977816459,0.2715803977816459
3076,0.9550183111313189,0.634830000911165,0.634830000911165
3077,0.5410564866637053,0.2008137596544992,0.2008137596544992
3078,0.6924585129718874,0.028266524882004394,0.028266524882004394
3079,-0.7219167772027246,-0.045307034967982045,-0.045307034967982045
3080,0.3868809435627367,0.4313967390350266,0.4313967390350266
3081,-0.44666577507898,0.3115460721124351,0.3115460721124351
3082,-0.23751573305544094,0.7920246193125834,0.7920246193125834
3083,-0.7487382044973085,0.09405740461390423,0.09405740461390423
3084,0.667611359490488,0.06709007635861831,0.06709007635861831
3085,-0.41852298228208573,0.536811815128687,0.536811815128687
3086,0.037422565758892246,0.9819835452060688,0.9819835452060688
3087,0.1134551529576524,0.9629082649181951,0.9629082649181951
3088,0.6382756383317227,0.0006970477132703309,0.0006970477132703309
3089,-0.6911420897221856,0.005433673123741748,0.005433673123741748
3090,-0.22688910769115744,0.8395918277062817,0.8395918277062817
3091,-0.9467154018774768,0.6164102643775917,0.6164102643775917
3092,0.9037910747550995,0.3405600983541692,0.3405600983541692
3093,0.727039596943853,0.005832926748500512,0.005832926748500512
3094,-0.7499626741886731,0.10851411451340678,0.10851411451340678
3095,-0.2826165779138441,0.7823034763896405,0.7823034763896405
3096,-0.3625342905037767,0.4942818186663006,0.4942818186663006
3097,-0.5973361614196542,0.17303934409464197,0.17303934409464197
3098,-0.602350738703531,0.06394764429573531,0.06394764429573531
3099,-0.20082782178676672,0.7807978826001172,0.7807978826001172
3100,-0.9049073298086978,0.32954352957814614,0.32954352957814614
3101,0.1402587685683696,0.9820558775007052,0.9820558775007052
3102,0.25707626045016774,0.7690458149083647,0.7690458149083647
3103,-0.7934038054477321,0.017402440777514572,0.017402440777514572
3104,-0.9721433316391337,0.7607122880976267,0.7607122880976267
3105,0.6927323009684656,-0.038838129942612244,-0.038838129942612244
3106,0.07583593695105884,0.977895256732451,0.977895256732451
3107,0.20203989326160388,0.919443799381667,0.919443799381667
3108,0.6267183417249855,0.033526151502793325,0.033526151502793325
3109,-0.2669009255945156,0.7784914573899678,0.7784914573899678
3110,0.6168363440680393,-0.00941399664071662,-0.00941399664071662
3111,-0.9470540416227682,0.637561687419924,0.637561687419924
3112,0.764989377841899,-0.05523920444078321,-0.05523920444078321
3113,0.5065674554290442,0.284823346733878,0.284823346733878
3114,0.5112035472092062,0.2156325380761536,0.2156325380761536
3115,-0.9875362981143843,0.9405500237935457,0.9405500237935457
3116,0.40859901156268585,0.4816725452185907,0.4816725452185907
3117,0.32848189011633955,0.5939841705204086,0.5939841705204086
3118,-0.24176471917881592,0.8008264949256226,0.8008264949256226
3119,-0.2958136913697089,0.6718240805484865,0.6718240805484865
3120,0.5234385665402037,0.14943826710066943,0.14943826710066943
3121,0.5739839421821296,0.11252870959360307,0.11252870959360307
3122,0.6386481375586692,0.05155133845179499,0.05155133845179499
3123,0.5100282083059773,0.2927583156389041,0.2927583156389041
3124,-0.980534678991519,0.7616006267131417,0.7616006267131417
3125,-0.4718736055709518,0.34147298662420095,0.34147298662420095
3126,-0.23054862293355383,0.8798641464325333,0.8798641464325333
3127,0.1448857037099065,0.899776281231464,0.899776281231464
3128,-0.9006161958938426,0.4043882135228842,0.4043882135228842
3129,0.16788662456065406,0.933059870570776,0.933059870570776
3130,-0.5497248554013441,0.19088104666419972,0.19088104666419972
3131,-0.7972062155458146,0.12961748844240967,0.12961748844240967
3132,-0.6180733822832611,0.08503025017130085,0.08503025017130085
3133,-0.343208333650322,0.6644857451224775,0.6644857451224775
3134,-0.39265280607162145,0.5055260807627144,0.5055260807627144
3135,-0.9447555748590963,0.655668396795706,0.655668396795706
3136,-0.16377569258570235,1.0002080536970752,1.0002080536970752
3137,0.24169018127636233,0.8687502572511318,0.8687502572511318
3138,-0.19649065578100822,0.870856909634797,0.870856909634797
3139,0.30322150580058116,0.6676365635065601,0.6676365635065601
3140,-0.04954859025452274,0.9849898261700708,0.9849898261700708
3141,0.9770546810915044,0.8609465986170742,0.8609465986170742
3142,0.13077242622128193,0.934471485058607,0.934471485058607
3143,0.6165345939002249,0.014391746279804829,0.014391746279804829
3144,-0.9988839061064574,0.8963070459515503,0.8963070459515503
3145,0.5051261878861104,0.33875342926102797,0.33875342926102797
3146,0.35786092740278375,0.47047015088898003,0.47047015088898003
3147,-0.17645606924199053,0.8466830096734748,0.8466830096734748
3148,0.43792788097818414,0.325458858999868,0.325458858999868
3149,0.5884828441082781,0.10867167489794899,0.10867167489794899
3150,0.664699950217807,-0.04456518356657078,-0.04456518356657078
3151,0.8968907091856686,0.32958416259360257,0.32958416259360257
3152,0.36689458050137813,0.5932182648220959,0.5932182648220959
3153,0.5100554737475582,0.1989948413386188,0.1989948413386188
3154,-0.5023732719687897,0.21288517454646882,0.21288517454646882
3155,0.5131555864648047,0.23568566405867658,0.23568566405867658
3156,0.3272710361194473,0.5992848027813803,0.5992848027813803
3157,-0.5320624718265832,0.20713147979376345,0.20713147979376345
3158,-0.05424407843493362,1.031995161567298,1.031995161567298
3159,0.0719634656834387,0.9444217138578567,0.9444217138578567
3160,-0.9371608755246643,0.49285231019121784,0.49285231019121784
3161,0.4076474089351936,0.4125707524101958,0.4125707524101958
3162,-0.9357538654089737,0.5386233280405688,0.5386233280405688
3163,-0.34886739647792253,0.625005385336811,0.625005385336811
3164,0.8740091075527268,0.24211036016031665,0.24211036016031665
3165,-0.16679845996877973,0.8950732074026524,0.8950732074026524
3166,-0.5811761577800141,0.130731214319935,0.130731214319935
3167,-0.6545918121523513,0.027600850666664317,0.027600850666664317
3168,-0.376588889580741,0.5626461766860834,0.5626461766860834
3169,0.4150382004713211,0.3716117982563058,0.3716117982563058
3170,-0.6669827886810931,0.06640579039750341,0.06640579039750341
3171,0.056310282997995786,1.0070652854204771,1.0070652854204771
3172,-0.02823696822730848,1.0975526702206557,1.0975526702206557
3173,0.7054914297791202,0.06441915538267527,0.06441915538267527
3174,-0.28708131125642855,0.6714682318064055,0.6714682318064055
3175,-0.9226545808434148,0.5999747217101288,0.5999747217101288
3176,-0.8764084019452139,0.3558841167819268,0.3558841167819268
3177,-0.9191756168906542,0.5204046492008172,0.5204046492008172
3178,0.31408726371536866,0.7310469309460943,0.7310469309460943
3179,0.0013957845929573054,1.0087090847332265,1.0087090847332265
3180,-0.6916803215796665,-0.03287420886026464,-0.03287420886026464
3181,-0.09443122630787637,0.958106799496547,0.958106799496547
3182,-0.049898153529716716,1.0041818250783483,1.0041818250783483
3183,-0.6379647391200431,0.10730267165383486,0.10730267165383486
3184,0.6798035754218135,-0.11854780169069688,-0.11854780169069688
3185,0.4920545293442893,0.19296365065159665,0.19296365065159665
3186,-0.19333091781503509,0.8959033040122831,0.8959033040122831
3187,0.8713854254110571,0.2702411904965062,0.2702411904965062
3188,-0.12610463293701146,0.9817303904889939,0.9817303904889939
3189,-0.6603798525823454,-0.019136578125754054,-0.019136578125754054
3190,-0.1886098769212663,0.855650617343488,0.855650617343488
3191,-0.8248115825125406,0.14065379423071,0.14065379423071
3192,-0.7067617350252751,0.02138235417739358,0.02138235417739358
3193,0.07480163988281374,1.1443527525257808,1.1443527525257808
3194,-0.7527674368028661,-0.06393631006637365,-0.06393631006637365
3195,0.9870229010675025,0.902237981940691,0.902237981940691
3196,-0.08606518923848938,0.9222123757428619,0.9222123757428619
3197,-0.7041424311083031,0.011070568350034515,0.011070568350034515
3198,-0.8275512540855046,0.18101317975864592,0.18101317975864592
3199,-0.7596966700051995,0.07839178596010202,0.07839178596010202
3200,-0.8089274545472973,0.08122339404905773,0.08122339404905773
3201,0.49034797075303294,0.31876121388538375,0.31876121388538375
3202,-0.6278118331682008,0.03437877828398678,0.03437877828398678
3203,-0.35253142670958315,0.5147873988322204,0.5147873988322204
3204,0.3786955973203605,0.4185040080327964,0.4185040080327964
3205,-0.3665790538434839,0.5788214224443518,0.5788214224443518
3206,-0.35665382629779674,0.679379628049411,0.679379628049411
3207,-0.8914074751346748,0.3529826480685109,0.3529826480685109
3208,-0.09212437442188892,0.9262086054200896,0.9262086054200896
3209,0.7266427151480603,0.040810886903132546,0.040810886903132546
3210,-0.2097828777439128,0.794362818513094,0.794362818513094
3211,0.0981448418262052,0.9991686835397118,0.9991686835397118
3212,-0.2537815978365967,0.7727892774586361,0.7727892774586361
3213,0.33709702661338303,0.5817851612035418,0.5817851612035418
3214,0.4047201387467594,0.39546946318330445,0.39546946318330445
3215,0.019101081659442576,1.0258229301144457,1.0258229301144457
3216,0.6309363332237514,0.07621957824286237,0.07621957824286237
3217,-0.7951201481986714,-0.03932453635311964,-0.03932453635311964
3218,-0.9119168943017943,0.4473557645595136,0.4473557645595136
3219,-0.9628537846746303,0.723174199187682,0.723174199187682
3220,-0.6949782921387051,0.019851888992290165,0.019851888992290165
3221,-0.5656462622288294,0.16884915245628307,0.16884915245628307
3222,-0.9627428402272755,0.7476585422193202,0.7476585422193202
3223,0.7170323626321053,0.06485811150580059,0.06485811150580059
3224,0.9874812231646188,0.9016524913654629,0.9016524913654629
3225,-4.233237285711233e-05,1.0652690030944785,1.0652690030944785
3226,-0.6961362754784732,-0.02488356253060275,-0.02488356253060275
3227,-0.7473444683969566,0.08335615262905154,0.08335615262905154
3228,-0.8786712782407207,0.31570722170878995,0.31570722170878995
3229,-0.9465068532076031,0.5838266205103146,0.5838266205103146
3230,-0.44409953638663136,0.36836855968832416,0.36836855968832416
3231,-0.6325866730003318,0.11059326422001098,0.11059326422001098
3232,0.44931077043498546,0.37973773094379687,0.37973773094379687
3233,-0.43565167898537016,0.3727345801961948,0.3727345801961948
3234,-0.24979070305180162,0.7054752224922639,0.7054752224922639
3235,-0.4524794886472747,0.28279774850322426,0.28279774850322426
3236,-0.13873086301388193,0.845346372974599,0.845346372974599
3237,-0.5441071959615134,0.15847289642993523,0.15847289642993523
3238,-0.5839608747846545,0.08632618077136578,0.08632618077136578
3239,0.07227796589654734,1.035324174300808,1.035324174300808
3240,0.24464361884989638,0.8660230836659943,0.8660230836659943
3241,0.9780736464025181,0.9079020116312677,0.9079020116312677
3242,0.30904446423737997,0.657847884154171,0.657847884154171
3243,-0.607136032475158,0.1631649918890059,0.1631649918890059
3244,0.09098019010931702,0.9478410709232575,0.9478410709232575
3245,-0.15446065408558196,0.8485026394011423,0.8485026394011423
3246,-0.2396699052534661,0.7872627573003735,0.7872627573003735
3247,0.7797093812130509,0.16177027210771988,0.16177027210771988
3248,-0.7241781625226722,0.028280146499738774,0.028280146499738774
3249,0.1948619830655447,0.8639139959260587,0.8639139959260587
3250,0.525843108498462,0.26259380943790145,0.26259380943790145
3251,0.2552505996586336,0.8281445150358318,0.8281445150358318
3252,0.062210020515122366,1.0804263358541915,1.0804263358541915
3253,0.4173184176494402,0.3853423048123078,0.3853423048123078
3254,-0.6272659023842835,0.08292166409963952,0.08292166409963952
3255,0.3966000037312778,0.4662211322939477,0.4662211322939477
3256,0.35491029462269497,0.5411604023302314,0.5411604023302314
3257,-0.18774904596530906,0.8848764528518726,0.8848764528518726
3258,-0.9764055286246387,0.8311671914066837,0.8311671914066837
3259,0.7700391819413688,0.008722154351507957,0.008722154351507957
3260,-0.28881534826431166,0.7276694739412995,0.7276694739412995
3261,0.6440774943016034,-0.028676138394521974,-0.028676138394521974
3262,-0.6258043821798513,0.10525045322423154,0.10525045322423154
3263,-0.942224033665154,0.5989056230744049,0.5989056230744049
3264,-0.7860284997040468,0.05188798722761962,0.05188798722761962
3265,-0.25313604002570567,0.7719547542549107,0.7719547542549107
3266,-0.20735969840060964,0.8248365734669022,0.8248365734669022
3267,-0.1758140417113343,0.8894900646358119,0.8894900646358119
3268,0.6732314739507497,0.012291541824780386,0.012291541824780386
3269,-0.7269055373183628,0.06654089291993977,0.06654089291993977
3270,0.7826237112454795,0.13039049695091667,0.13039049695091667
3271,0.14108901558433184,1.0498453069372875,1.0498453069372875
3272,0.9818779867187466,0.8953085318953867,0.8953085318953867
3273,-0.05506900264933079,0.9953835725720747,0.9953835725720747
3274,0.7173222837426227,-0.034840497228510355,-0.034840497228510355
3275,0.42696838215345734,0.432416103688953,0.432416103688953
3276,0.6794443092052971,0.0480340846431747,0.0480340846431747
3277,0.006580635542772217,0.9653779042849019,0.9653779042849019
3278,-0.5854135704718184,0.07989939103096087,0.07989939103096087
3279,0.10327058749439288,0.9064665136782734,0.9064665136782734
3280,-0.5148729808587411,0.1651809378766615,0.1651809378766615
3281,-0.13959416007013292,0.9615640973667179,0.9615640973667179
3282,0.5995526779666458,0.1261985746860584,0.1261985746860584
3283,0.9684472875332863,0.7934352291764738,0.7934352291764738
3284,0.27465421559568903,0.7442569229056043,0.7442569229056043
3285,-0.9018496882007723,0.44151889254187576,0.44151889254187576
3286,0.6960042038855592,-0.029633847246423452,-0.029633847246423452
3287,-0.6621588302359807,0.10692690609520017,0.10692690609520017
3288,0.7741337876821976,-0.07460169719335968,-0.07460169719335968
3289,0.4006093382240423,0.4715591919309405,0.4715591919309405
3290,0.9214867533073028,0.38107360801183554,0.38107360801183554
3291,-0.7553407092779802,0.11144661724083774,0.11144661724083774
3292,0.2878156710845108,0.6527650708240434,0.6527650708240434
3293,0.45168185129545546,0.3726681917278943,0.3726681917278943
3294,-0.5277677028868268,0.22744600671055382,0.22744600671055382
3295,-0.9757308099516706,0.7759906514171294,0.7759906514171294
3296,0.45870498640782786,0.40409867653094156,0.40409867653094156
3297,0.19520302250632193,0.8076856326095977,0.8076856326095977
3298,0.44927275660808763,0.33153316606886307,0.33153316606886307
3299,0.6908447443734709,-0.008300352633753581,-0.008300352633753581
3300,0.08043564754026744,1.094366202223369,1.094366202223369
3301,-0.007239760910716209,1.1075138063050816,1.1075138063050816
3302,0.11377671648265109,0.9856888041167381,0.9856888041167381
3303,-0.5739008242887,0.11654559849654333,0.11654559849654333
3304,0.7762234605875316,0.0048898459611425305,0.0048898459611425305
3305,0.05091821452086842,1.034424689848658,1.034424689848658
3306,0.481917662280265,0.20299096798568894,0.20299096798568894
3307,-0.7556173522635865,-0.05107576415137813,-0.05107576415137813
3308,0.3852775815935763,0.4391722797207698,0.4391722797207698
3309,-0.5931773457695066,0.08408405565134049,0.08408405565134049
3310,0.46102423079563204,0.25709023900516803,0.25709023900516803
3311,-0.415125069964003,0.4409074466513806,0.4409074466513806
3312,-0.13627665039819492,0.9191661600172056,0.9191661600172056
3313,0.5977968786293819,0.13128342086602568,0.13128342086602568
3314,0.0891640056752776,0.92810187760049,0.92810187760049
3315,0.9932700218609343,0.9653107489996998,0.9653107489996998
3316,-0.8911416859659562,0.4236181098122604,0.4236181098122604
3317,0.6755738459520497,-0.0689819940541869,-0.0689819940541869
3318,0.44171213649633345,0.43956042466544337,0.43956042466544337
3319,-0.8900002264818021,0.3573890491931072,0.3573890491931072
3320,0.2534669470999382,0.6671470433778605,0.6671470433778605
3321,0.9726331667446249,0.8383811479084935,0.8383811479084935
3322,0.39603785956583293,0.48446634411879225,0.48446634411879225
3323,-0.8636397506347469,0.2828096461240248,0.2828096461240248
3324,0.7852634246434556,0.02876306174924574,0.02876306174924574
3325,0.2223045751727344,0.7899144650313753,0.7899144650313753
3326,0.39329574215177043,0.41357253463299753,0.41357253463299753
3327,0.34005363128764476,0.5592569178020984,0.5592569178020984
3328,-0.6687215426075761,-0.006536821483995514,-0.006536821483995514
3329,0.010340434907259999,0.9934882554112655,0.9934882554112655
3330,0.5814571909116408,0.20316331133325438,0.20316331133325438
3331,-0.7799145169700583,0.108057519268644,0.108057519268644
3332,0.5481373671611389,0.20718773847652447,0.20718773847652447
3333,0.6103730167431036,0.06901136006055482,0.06901136006055482
3334,-0.46610641251979534,0.3612750887557759,0.3612750887557759
3335,-0.05913509601755096,0.9418315350374958,0.9418315350374958
3336,0.10144957762215268,0.8972565314532907,0.8972565314532907
3337,-0.780362752897156,0.05617188849873993,0.05617188849873993
3338,0.11650776589628209,0.9038126150199348,0.9038126150199348
3339,-0.8826945404908653,0.3292032183977501,0.3292032183977501
3340,0.6397660564744769,-0.00890770873646226,-0.00890770873646226
3341,0.6876545509207608,0.03387107207862259,0.03387107207862259
3342,-0.48825154273691274,0.24221184519728947,0.24221184519728947
3343,-0.18200043591709836,0.9358581827196615,0.9358581827196615
3344,-0.4487819046674413,0.49742047405380496,0.49742047405380496
3345,-0.3108784615893283,0.6727665692466649,0.6727665692466649
3346,-0.947122772512001,0.556461374617867,0.556461374617867
3347,0.21955422088805587,0.7980226624263949,0.7980226624263949
3348,0.393388172863365,0.5084520769942583,0.5084520769942583
3349,0.4341438339111563,0.42559378188283664,0.42559378188283664
3350,-0.4021732024636324,0.43678405247403934,0.43678405247403934
3351,-0.7135542163014885,0.020414534421660756,0.020414534421660756
3352,0.9758424665305789,0.8517278137902011,0.8517278137902011
3353,-0.6430668572567422,0.07683371387594322,0.07683371387594322
3354,0.7507189294006564,-0.004269766117489322,-0.004269766117489322
3355,-0.07179228791525394,0.9626867213870614,0.9626867213870614
3356,0.8943849352495228,0.39683297825898833,0.39683297825898833
3357,-0.9185257826042077,0.48228673793142807,0.48228673793142807
3358,-0.6879780779105089,-0.060365697573520206,-0.060365697573520206
3359,0.12967350421968793,0.9121974555739051,0.9121974555739051
3360,-0.9475087793333656,0.6583940768367237,0.6583940768367237
3361,0.6118170418169169,0.01626125490411659,0.01626125490411659
3362,-0.3481246375980054,0.5125453053667846,0.5125453053667846
3363,-0.8814076502548085,0.33453223011842725,0.33453223011842725
3364,-0.62788076780562,-0.00782698725537051,-0.00782698725537051
3365,-0.6692829835302352,0.06339186324763406,0.06339186324763406
3366,-0.48635979305855903,0.26916086753755103,0.26916086753755103
3367,-0.013871768224674064,1.0441948723736083,1.0441948723736083
3368,-0.22304830902611616,0.8174138085974803,0.8174138085974803
3369,0.5580462194050364,0.12269461343430657,0.12269461343430657
3370,-0.7262727103641886,-0.025747013460537618,-0.025747013460537618
3371,0.21935463239771447,0.9097238218303652,0.9097238218303652
3372,-0.5864351768126099,0.057535802346904606,0.057535802346904606
3373,0.5471821705044198,0.22370147740913054,0.22370147740913054
3374,-0.1514914276831949,0.9620966620237988,0.9620966620237988
3375,0.35754857965300846,0.5387420402258798,0.5387420402258798
3376,-0.14455018194119007,0.9545793156877422,0.9545793156877422
3377,-0.743254181949742,0.024311190669512657,0.024311190669512657
3378,-0.06449297040497148,0.9432406537037915,0.9432406537037915
3379,-0.10165369558757598,0.9177115285732127,0.9177115285732127
3380,0.864248642244206,0.25226786423126907,0.25226786423126907
3381,0.9050939114880241,0.3578416051665622,0.3578416051665622
3382,0.08288611444238447,1.0188042163581197,1.0188042163581197
3383,-0.5982379851626947,0.06425630511664716,0.06425630511664716
3384,-0.18542255783115058,0.812797271661783,0.812797271661783
3385,-0.6327860978486783,-0.009543199961974863,-0.009543199961974863
3386,-0.8600911225245389,0.1932735660515396,0.1932735660515396
3387,-0.8898323099925212,0.39467262511098056,0.39467262511098056
3388,-0.5811997787893888,0.10750979479911867,0.10750979479911867
3389,-0.9910559586349872,0.9510581547278141,0.9510581547278141
3390,-0.7896199097922241,0.023875789429307973,0.023875789429307973
3391,0.0830204625202915,0.9719110593605371,0.9719110593605371
3392,-0.5581555700405352,0.14326174091478372,0.14326174091478372
3393,0.4843798400335315,0.2628945821867318,0.2628945821867318
3394,-0.47527091574403557,0.27516995764845514,0.27516995764845514
3395,0.29556702855778827,0.6911404454976151,0.6911404454976151
3396,0.7361962859975135,0.0732484768779107,0.0732484768779107
3397,0.34498630203623537,0.6543531731663307,0.6543531731663307
3398,-0.10866129951351433,0.8694715634516407,0.8694715634516407
3399,0.07674825470965319,0.9144021877121064,0.9144021877121064
3400,0.06540239295531891,0.9817291896277177,0.9817291896277177
3401,-0.413372419540732,0.47554969301008787,0.47554969301008787
3402,-0.4117331079765072,0.4197926794928509,0.4197926794928509
3403,0.9595735386900488,0.7347743661961201,0.7347743661961201
3404,0.08331273644476211,0.94624083255085,0.94624083255085
3405,-0.8188043103834628,0.08183756323770616,0.08183756323770616
3406,0.9099624507841946,0.39358045304721545,0.39358045304721545
3407,0.7944494933662365,0.11588695944109093,0.11588695944109093
3408,-0.9014060388919811,0.4278685977405684,0.4278685977405684
3409,-0.2495153296717314,0.7758802789922928,0.7758802789922928
3410,-0.22436478903264367,0.7822728514740305,0.7822728514740305
3411,0.06418959596998719,0.9362753157444852,0.9362753157444852
3412,0.737480884825821,0.12237674999055134,0.12237674999055134
3413,-0.36691890532076377,0.5204785070477522,0.5204785070477522
3414,-0.9323079482900953,0.553809856331263,0.553809856331263
3415,-0.13501980019045123,0.9432880563964868,0.9432880563964868
3416,0.6214599088353523,0.022973585727654382,0.022973585727654382
3417,-0.3100185093636616,0.6289953435833061,0.6289953435833061
3418,0.9467559930713185,0.6518001946605892,0.6518001946605892
3419,-0.36993201459800695,0.5768493604043528,0.5768493604043528
3420,-0.7184087540473887,0.051176760288762634,0.051176760288762634
3421,-0.2794636253042273,0.714723152163104,0.714723152163104
3422,0.8126659814015207,0.05738795529259988,0.05738795529259988
3423,0.08792617279219028,0.8453041892222035,0.8453041892222035
3424,-0.7114658356995189,0.07278187932754614,0.07278187932754614
3425,-0.6469526311268843,-0.017945778236060708,-0.017945778236060708
3426,0.47081859431934125,0.28813161177943225,0.28813161177943225
3427,0.3062028986929901,0.6205782839154449,0.6205782839154449
3428,0.8620498184241063,0.23956750362750912,0.23956750362750912
3429,0.22891037116480017,0.8276168831740249,0.8276168831740249
3430,-0.7739336997550168,0.0584342259596352,0.0584342259596352
3431,-0.2347212630193658,0.88576623012138,0.88576623012138
3432,-0.11470530356942943,0.9721124266965135,0.9721124266965135
3433,-0.5528966131487383,0.11596417176133833,0.11596417176133833
3434,0.5427614880098874,0.1894033096983893,0.1894033096983893
3435,0.8949066181161138,0.3054352375717647,0.3054352375717647
3436,-0.5387655054666758,0.14440938773130255,0.14440938773130255
3437,-0.5137476669255041,0.12399649513242092,0.12399649513242092
3438,0.691677203615402,-0.0430165176172968,-0.0430165176172968
3439,0.40594341845234294,0.5415366655860723,0.5415366655860723
3440,-0.5934385895863061,0.02415947864045037,0.02415947864045037
3441,0.2988250844465614,0.7422426941202558,0.7422426941202558
3442,0.2400624702896068,0.7870513856611915,0.7870513856611915
3443,0.936123241412431,0.5577586824744105,0.5577586824744105
3444,0.44912916939932934,0.3181939119474579,0.3181939119474579
3445,0.9692835436076859,0.82681928273432,0.82681928273432
3446,-0.5409766402469196,0.19239137588002123,0.19239137588002123
3447,-0.415580191642549,0.4538079359506643,0.4538079359506643
3448,0.10667411737376198,0.9494919928909865,0.9494919928909865
3449,0.8017841933200109,0.08374774798049053,0.08374774798049053
3450,-0.9517687043622245,0.676105896567233,0.676105896567233
3451,-0.0743384944515848,0.9976767746448671,0.9976767746448671
3452,0.20532608833708443,0.8455249721989211,0.8455249721989211
3453,0.6374159782486954,0.13131419882057893,0.13131419882057893
3454,-0.11322223341524618,0.979532293961472,0.979532293961472
3455,-0.8764874381455736,0.29305956215488055,0.29305956215488055
3456,0.48590157308614046,0.35130459724164476,0.35130459724164476
3457,0.44292315985932795,0.37641732134703804,0.37641732134703804
3458,0.09323016274436524,0.9758164409322946,0.9758164409322946
3459,-0.4081363305984238,0.5006233665700524,0.5006233665700524
3460,-0.40494596005274075,0.43125065116669925,0.43125065116669925
3461,-0.13763878179382472,0.9175444491523299,0.9175444491523299
3462,0.2901719920870689,0.71030939749097,0.71030939749097
3463,-0.08529792266856129,0.9193063862428388,0.9193063862428388
3464,0.48405900797517165,0.26451959360819427,0.26451959360819427
3465,-0.7090428790273575,0.029252474820441698,0.029252474820441698
3466,-0.2147650298729853,0.7487008897972092,0.7487008897972092
3467,-0.4235842016269662,0.425120702023366,0.425120702023366
3468,0.6074958808038002,-0.03354605548273637,-0.03354605548273637
3469,-0.1186689222126629,0.93083074340826,0.93083074340826
3470,-0.9503203349083862,0.6033205129993098,0.6033205129993098
3471,0.4447057726801886,0.3693409159785217,0.3693409159785217
3472,-0.7896025630210268,0.07911091422323749,0.07911091422323749
3473,-0.9672179076294738,0.711340467430048,0.711340467430048
3474,-0.9383925575618337,0.5368676714772296,0.5368676714772296
3475,0.3421811497083651,0.567494222232118,0.567494222232118
3476,0.9777130126322551,0.8097380721396219,0.8097380721396219
3477,-0.5133021135699665,0.1940944515060765,0.1940944515060765
3478,-0.12340675376326282,0.905884864116761,0.905884864116761
3479,0.6939734928327792,0.04163856832858601,0.04163856832858601
3480,0.5181502993739371,0.22380101680483316,0.22380101680483316
3481,0.7969907609332991,0.11911504726633587,0.11911504726633587
3482,-0.26823996611892365,0.8314488709441179,0.8314488709441179
3483,-0.4660236385070591,0.3573565116796938,0.3573565116796938
3484,0.7293714270912559,-0.018887422264268643,-0.018887422264268643
3485,0.7321183287175264,0.1372062386335671,0.1372062386335671
3486,0.9646476614270543,0.7635843660867931,0.7635843660867931
3487,0.0498958191113168,0.9890248654992871,0.9890248654992871
3488,-0.10973757434023956,0.987488401501544,0.987488401501544
3489,0.7929819198817745,0.0639389807644447,0.0639389807644447
3490,-0.8513975324824192,0.33456586781356684,0.33456586781356684
3491,0.5936943976301512,0.13677210276854918,0.13677210276854918
3492,0.2741772101640707,0.6466817984460564,0.6466817984460564
3493,-0.4378550868824742,0.42973900277361066,0.42973900277361066
3494,-0.7315635835908059,0.010777153742698678,0.010777153742698678
3495,0.2551640451835995,0.7528293307055515,0.7528293307055515
3496,0.7645471037809148,0.09190038811624973,0.09190038811624973
3497,-0.1557344236768745,0.9128025676668786,0.9128025676668786
3498,0.14671439250657503,0.8109157336778202,0.8109157336778202
3499,-0.8113122721909694,0.0813471818348214,0.0813471818348214
3500,-0.6582354655142038,0.043184467783391176,0.043184467783391176
3501,0.8169601511961324,0.02203865313979221,0.02203865313979221
3502,-0.5596596369939668,0.16389991515604035,0.16389991515604035
3503,0.7053582021852827,-0.05044666310183987,-0.05044666310183987
3504,0.19764346287985646,0.8649528749111773,0.8649528749111773
3505,0.04535772668332694,0.9548364116854815,0.9548364116854815
3506,0.8541705721563546,0.2599062655836704,0.2599062655836704
3507,-0.3785713907695958,0.587937619850423,0.587937619850423
3508,-0.8270744178997722,0.1336045424323899,0.1336045424323899
3509,-0.5908464912287068,0.11081102499305145,0.11081102499305145
3510,0.8783880155765953,0.33755275442833776,0.33755275442833776
3511,-0.08878327134265618,0.9695943355967424,0.9695943355967424
3512,0.4437041479845001,0.3692133274935313,0.3692133274935313
3513,-0.4318789971902204,0.43022075747105726,0.43022075747105726
3514,-0.5281694749861898,0.15200367840765028,0.15200367840765028
3515,0.0795011361783895,1.0241895368826983,1.0241895368826983
3516,-0.8228585534303821,0.18218193734723803,0.18218193734723803
3517,0.07304698157882328,0.9192877813351777,0.9192877813351777
3518,-0.5841540429464966,0.1208807799881067,0.1208807799881067
3519,0.11374681172645595,0.9788533334837596,0.9788533334837596
3520,-0.26904819924913737,0.6994250619367881,0.6994250619367881
3521,-0.5088538646788421,0.2619276136530328,0.2619276136530328
3522,0.7201902843768468,-0.027952179578002043,-0.027952179578002043
3523,-0.7151700927338009,0.007347542732841956,0.007347542732841956
3524,-0.8310907101500304,0.13063529933715984,0.13063529933715984
3525,0.5357063005583613,0.24836822870423886,0.24836822870423886
3526,0.7080746317643118,-0.059017521388793674,-0.059017521388793674
3527,0.10288835026358956,0.9302641002381183,0.9302641002381183
3528,0.21539208173961955,0.7550418157981109,0.7550418157981109
3529,-0.8407596010513532,0.22057500808724614,0.22057500808724614
3530,0.6134332046580797,0.03374981172501527,0.03374981172501527
3531,-0.15431337081553953,0.9218757154790482,0.9218757154790482
3532,-0.9083985979447649,0.3965948165136373,0.3965948165136373
3533,-0.9274541334522723,0.6081521944799393,0.6081521944799393
3534,-0.41281018535577685,0.41189025586801276,0.41189025586801276
3535,-0.35136485522709937,0.5511011176706243,0.5511011176706243
3536,0.5693991854791536,0.14663906928050363,0.14663906928050363
3537,0.00033566165550302784,0.9523030197224472,0.9523030197224472
3538,0.7175439247867084,0.017903294785010328,0.017903294785010328
3539,-0.09108044335150378,1.0215083152658264,1.0215083152658264
3540,-0.046562104746935784,0.985636113118756,0.985636113118756
3541,-0.02815833173589799,0.927792928254919,0.927792928254919
3542,-0.743109436901509,0.10496599251107028,0.10496599251107028
3543,0.9823062461406744,0.835272539065814,0.835272539065814
3544,-0.9076452352512696,0.31675913888673385,0.31675913888673385
3545,0.9607714509935006,0.7332871346760849,0.7332871346760849
3546,0.011624779521593798,1.0085623425910788,1.0085623425910788
3547,-0.11415897150621523,0.999518052707831,0.999518052707831
3548,-0.506156074135808,0.31738826023239797,0.31738826023239797
3549,-0.9456904929626995,0.6445264009022218,0.6445264009022218
3550,0.217736363015109,0.8481090385931164,0.8481090385931164
3551,-0.7035260241909407,-0.024265880513536005,-0.024265880513536005
3552,0.2065301776087225,0.7938216943247436,0.7938216943247436
3553,-0.00815620444045484,0.9426599445473958,0.9426599445473958
3554,-0.3736007796044143,0.535617806540802,0.535617806540802
3555,0.35325988538269026,0.5615756893185533,0.5615756893185533
3556,-0.20106785485477574,0.8431186951406224,0.8431186951406224
3557,-0.13292022188482422,0.9547464354281686,0.9547464354281686
3558,0.4493366588411156,0.3694429344559671,0.3694429344559671
3559,0.8118832259815101,0.10295559264335294,0.10295559264335294
3560,-0.6544095022202046,0.06415127402899382,0.06415127402899382
3561,-0.494076716837208,0.2929504402220456,0.2929504402220456
3562,0.7125415860474213,0.015015835422870702,0.015015835422870702
3563,-0.0287328223385932,0.9443122488579265,0.9443122488579265
3564,-0.3848557731673701,0.5699815468125561,0.5699815468125561
3565,-0.47767978748961903,0.4094210179384282,0.4094210179384282
3566,-0.801120768017985,0.051247547312373715,0.051247547312373715
3567,-0.11654385642913945,0.9944566671076802,0.9944566671076802
3568,-0.4256738259118922,0.37633510719417096,0.37633510719417096
3569,-0.13332619818007285,0.8893797650599294,0.8893797650599294
3570,0.47650917986293684,0.23548733848571318,0.23548733848571318
3571,-0.06619534393429993,0.9394771613390448,0.9394771613390448
3572,-0.6953212644475628,-0.0222935617621879,-0.0222935617621879
3573,-0.4367621512150819,0.32679376930303183,0.32679376930303183
3574,0.836641897113757,0.13198452047814113,0.13198452047814113
3575,-0.5209749696571868,0.2190508582571187,0.2190508582571187
3576,-0.9355626770964602,0.6121655541051261,0.6121655541051261
3577,-0.271351216493362,0.7154258632725622,0.7154258632725622
3578,-0.12918216302921692,0.967351685975802,0.967351685975802
3579,0.7281179083952047,-0.050657419913761305,-0.050657419913761305
3580,-0.7088047717613015,0.05540707784045361,0.05540707784045361
3581,-0.8257386855893567,0.17848710047391544,0.17848710047391544
3582,0.955511709976439,0.6029276115849027,0.6029276115849027
3583,-0.5911714494190738,0.01781824533116297,0.01781824533116297
3584,-0.6511929746370893,0.09487654523013436,0.09487654523013436
3585,0.17230111249782376,0.8946541691049552,0.8946541691049552
3586,-0.5796767353074566,0.12758316598904446,0.12758316598904446
3587,-0.10744791114057906,0.8966012316310965,0.8966012316310965
3588,-0.731665782072789,0.09180703813384906,0.09180703813384906
3589,-0.6230339647224643,0.08186896724383916,0.08186896724383916
3590,0.04381277489067181,0.8628181114542446,0.8628181114542446
3591,0.38926559857987364,0.4592503556520553,0.4592503556520553
3592,-0.10174878878545224,1.032832486711777,1.032832486711777
3593,0.2284740030013117,0.7717634536299287,0.7717634536299287
3594,-0.29278770744103233,0.769497856938547,0.769497856938547
3595,-0.22262069383524863,0.73850238661422,0.73850238661422
3596,0.5722993069557383,0.10744783763000351,0.10744783763000351
3597,0.6922880927086823,0.039705168202966275,0.039705168202966275
3598,0.4560921167898666,0.41546552632104167,0.41546552632104167
3599,0.57840235809796,0.1349169545093021,0.1349169545093021
3600,-0.6414663530266942,0.07886125721484516,0.07886125721484516
3601,0.8897669696369876,0.4360826884077255,0.4360826884077255
3602,-0.6120784137989044,0.10593060809476774,0.10593060809476774
3603,-0.7435053559718856,0.02741733058922486,0.02741733058922486
3604,0.9011156549741333,0.42188985198115553,0.42188985198115553
3605,-0.8624898198420281,0.31127639218198155,0.31127639218198155
3606,-0.94547198519853,0.6292503943085777,0.6292503943085777
3607,-0.49109775220418395,0.27482562394543386,0.27482562394543386
3608,0.13441519234772636,0.848611606726799,0.848611606726799
3609,0.31741877185274503,0.5610205509219667,0.5610205509219667
3610,-0.4410846480815278,0.43648265595721275,0.43648265595721275
3611,-0.35085393804416753,0.5949512804657171,0.5949512804657171
3612,0.66873880121738,-0.005474663457402986,-0.005474663457402986
3613,0.2511671831336104,0.6952456518703357,0.6952456518703357
3614,0.7530786879977844,-0.04562337099518325,-0.04562337099518325
3615,-0.5247789533846923,0.1963320925021835,0.1963320925021835
3616,0.8436590157799182,0.116889614460882,0.116889614460882
3617,-0.9879223598974178,0.9863702459701931,0.9863702459701931
3618,0.21208854784733067,0.6975303018302539,0.6975303018302539
3619,0.20722916525344748,0.7981037728139682,0.7981037728139682
3620,0.5029458977543424,0.21755368822032267,0.21755368822032267
3621,-0.577877134259243,0.1274850703135042,0.1274850703135042
3622,0.8752669798524011,0.31861813247670623,0.31861813247670623
3623,0.10294424395912083,1.0334895747322366,1.0334895747322366
3624,-0.6823592290332376,-0.03660307614784236,-0.03660307614784236
3625,0.3961730160567396,0.41195390806979953,0.41195390806979953
3626,-0.2718348762889877,0.7706412656430088,0.7706412656430088
3627,-0.9159437147969773,0.5210237919284668,0.5210237919284668
3628,-0.6662953566180987,0.02040932170535325,0.02040932170535325
3629,0.09107770748117328,1.044257428741952,1.044257428741952
3630,-0.20520878978505563,0.8606743109989798,0.8606743109989798
3631,0.9729581529728575,0.7537055835227826,0.7537055835227826
3632,0.34568735294526265,0.6323112087012568,0.6323112087012568
3633,0.14634081370134844,0.9481329688193848,0.9481329688193848
3634,0.7478483680931587,0.0625278751568386,0.0625278751568386
3635,-0.9062395412858659,0.41013905181871757,0.41013905181871757
3636,-0.38373791368311494,0.5137122987819921,0.5137122987819921
3637,0.7420467175166661,0.0016189491454564851,0.0016189491454564851
3638,-0.5952008783823226,0.06458466477249135,0.06458466477249135
3639,0.1295647362069423,1.003478693335925,1.003478693335925
3640,-0.041022374598078226,0.9386146761406363,0.9386146761406363
3641,-0.6648250116936079,-0.012814335691149913,-0.012814335691149913
3642,0.4223886832408852,0.47492937086460785,0.47492937086460785
3643,-0.879060409317264,0.2755672595748454,0.2755672595748454
3644,-0.3574053609761947,0.5113156336807834,0.5113156336807834
3645,0.48161311554841935,0.17116705900070417,0.17116705900070417
3646,-0.44586381790367424,0.3364387693634452,0.3364387693634452
3647,0.6323192201606915,0.05873010459400031,0.05873010459400031
3648,0.3549097797462646,0.5746299721525011,0.5746299721525011
3649,0.3317557898403778,0.5795539126727922,0.5795539126727922
3650,-0.36374870890515654,0.5847661942692753,0.5847661942692753
3651,-0.7607668953161066,0.0617473444984995,0.0617473444984995
3652,0.03169556144642005,1.0566972424048742,1.0566972424048742
3653,0.3312636975852621,0.6084885706517876,0.6084885706517876
3654,-0.15957332322251205,0.904600566090454,0.904600566090454
3655,-0.9750458160279831,0.8747102244327584,0.8747102244327584
3656,0.6246813375849469,0.04486327770665759,0.04486327770665759
3657,-0.9350328731696362,0.5640163215575331,0.5640163215575331
3658,0.6213016698131728,-0.06347453524602571,-0.06347453524602571
3659,-0.9201195754980847,0.45460753529953035,0.45460753529953035
3660,-0.5707486581751204,0.044657539872233906,0.044657539872233906
3661,0.8026490051117758,0.08306616801409691,0.08306616801409691
3662,0.8202289114668457,0.07039201251762697,0.07039201251762697
3663,0.9516820418978078,0.7386523758490801,0.7386523758490801
3664,0.278324830933236,0.7238359195594047,0.7238359195594047
3665,-0.8549569807274573,0.15313546252675084,0.15313546252675084
3666,0.46075335197085043,0.3255613788343353,0.3255613788343353
3667,0.8288351332808492,0.16106049592251045,0.16106049592251045
3668,0.08398358227055525,0.9863143313718998,0.9863143313718998
3669,0.9947853496342787,0.8536708678199565,0.8536708678199565
3670,0.5326685435400444,0.08411934344453782,0.08411934344453782
3671,-0.11201586218468651,0.9407698187238216,0.9407698187238216
3672,0.9676178247170499,0.7444416291023817,0.7444416291023817
3673,-0.0029888100841315435,0.9142337741059692,0.9142337741059692
3674,-0.4309618349505604,0.4045171286993714,0.4045171286993714
3675,-0.411050397922498,0.432084698151335,0.432084698151335
3676,-0.17750237338157415,0.8645772408466271,0.8645772408466271
3677,0.48401329719256525,0.4051711980303889,0.4051711980303889
3678,-0.03812032991099046,0.9976554893833272,0.9976554893833272
3679,-0.6998869583817309,0.027328176705329478,0.027328176705329478
3680,-0.39391245459399604,0.4543610185294373,0.4543610185294373
3681,-0.10147554470454323,0.8745980696957497,0.8745980696957497
3682,0.09102826375388151,0.9120695865057394,0.9120695865057394
3683,0.003625605600139581,1.1201671853235173,1.1201671853235173
3684,-0.8965980600154289,0.3630745232856013,0.3630745232856013
3685,-0.18325783193395995,0.8086463245611337,0.8086463245611337
3686,0.881320696345651,0.24585544675946835,0.24585544675946835
3687,0.6157679834549834,0.05643491779108438,0.05643491779108438
3688,-0.3779783141694164,0.5584299613725605,0.5584299613725605
3689,0.07956581540181906,1.0798225480560795,1.0798225480560795
3690,0.5373400974756399,0.2026276800997474,0.2026276800997474
3691,0.7103348776683687,-0.043539712698891266,-0.043539712698891266
3692,0.32214981839480417,0.6329613298783393,0.6329613298783393
3693,-0.6402331461932782,0.03741335056433678,0.03741335056433678
3694,-0.33975713878209923,0.48199747052314623,0.48199747052314623
3695,0.9259369376848379,0.5870136029111666,0.5870136029111666
3696,0.8292648997612668,0.19465510829386112,0.19465510829386112
3697,-0.5184189328228861,0.11196655224671945,0.11196655224671945
3698,0.18983028917296818,0.8302386039542685,0.8302386039542685
3699,-0.3800260736501875,0.5793380971250432,0.5793380971250432
3700,-0.21211444917337752,0.8603680083111797,0.8603680083111797
3701,0.38897413544599857,0.449234135726289,0.449234135726289
3702,0.6053575494005266,0.13279288703455666,0.13279288703455666
3703,-0.925969957959961,0.5422589945549707,0.5422589945549707
3704,-0.008455305717209427,0.9307507561982572,0.9307507561982572
3705,-0.5277127032470617,0.19518777571374166,0.19518777571374166
3706,-0.9799746841040384,0.8012121880118857,0.8012121880118857
3707,-0.13342987721001598,0.936506122100198,0.936506122100198
3708,-0.42703113722336905,0.4332441169237193,0.4332441169237193
3709,0.2827508545455042,0.7242528173273943,0.7242528173273943
3710,-0.8519852687682403,0.3057854453554084,0.3057854453554084
3711,-0.9664870539975097,0.7635739465613562,0.7635739465613562
3712,-0.36755018933066963,0.47726055574308185,0.47726055574308185
3713,0.37414637421275243,0.5238977955542631,0.5238977955542631
3714,0.06196406270610666,0.9902779582740524,0.9902779582740524
3715,-0.25630034226491727,0.770290544659524,0.770290544659524
3716,-0.9248229972125208,0.4357421331352924,0.4357421331352924
3717,0.15806648563068681,0.9388586048450122,0.9388586048450122
3718,-0.6140350113729094,0.08291587784360718,0.08291587784360718
3719,0.22365420792203117,0.9026269773733048,0.9026269773733048
3720,-0.2753962741041991,0.7625794311814672,0.7625794311814672
3721,0.8001251203280013,0.07515011977853328,0.07515011977853328
3722,-0.4021910259791197,0.43243454158107947,0.43243454158107947
3723,-0.6559775818480207,-0.013834334647739997,-0.013834334647739997
3724,-0.2562450315042053,0.8001635505742882,0.8001635505742882
3725,0.8817865122416448,0.32073343250503644,0.32073343250503644
3726,-0.1443603028999778,0.944216471062924,0.944216471062924
3727,-0.06795495902661153,0.9350364452124118,0.9350364452124118
3728,-0.6827837584595067,-0.003986277560530705,-0.003986277560530705
3729,-0.7959678710866682,0.10068344370783348,0.10068344370783348
3730,0.3950619321900517,0.47272792069717795,0.47272792069717795
3731,-0.8633555590192168,0.361726133388225,0.361726133388225
3732,-0.15826536765211996,0.8443145541110161,0.8443145541110161
3733,-0.547331371669034,0.15100984049743493,0.15100984049743493
3734,0.1473146118245121,0.8930352881052384,0.8930352881052384
3735,0.32166484175106036,0.7215344330413844,0.7215344330413844
3736,-0.5620677400479606,0.14522487133871873,0.14522487133871873
3737,-0.678909838982197,-0.06286947725480121,-0.06286947725480121
3738,0.39843925613428466,0.4398720057424961,0.4398720057424961
3739,-0.12736978473027039,0.9606553304660429,0.9606553304660429
3740,0.7713772061584272,0.014413111489235807,0.014413111489235807
3741,0.19427990402963213,0.8381347663179274,0.8381347663179274
3742,-0.14640035492114034,0.9089641150084309,0.9089641150084309
3743,-0.772527528413792,0.034195272105450585,0.034195272105450585
3744,0.6582737262476854,0.06697918406713997,0.06697918406713997
3745,0.006769238160870161,0.9632560836460219,0.9632560836460219
3746,-0.3320441768798188,0.6114407928521512,0.6114407928521512
3747,0.1915700919045924,0.862152540028849,0.862152540028849
3748,-0.8840086780959988,0.35397244198743466,0.35397244198743466
3749,0.26505738621613273,0.7640499134325085,0.7640499134325085
3750,-0.06007503521313029,1.0277220647653058,1.0277220647653058
3751,0.7749058052591016,0.04617506239363865,0.04617506239363865
3752,0.3685845497557727,0.5158268127557578,0.5158268127557578
3753,-0.8937155847147062,0.42254594799470246,0.42254594799470246
3754,0.18245412470237943,1.003111886980963,1.003111886980963
3755,0.9234794239188273,0.5017333583009087,0.5017333583009087
3756,0.23787482149820272,0.7118645072480877,0.7118645072480877
3757,-0.10386921798164694,0.9284683531562088,0.9284683531562088
3758,-0.33959251484922093,0.5803284816603635,0.5803284816603635
3759,0.7055125659092703,0.037496005572128746,0.037496005572128746
3760,0.7142178697348989,-0.03503740135295166,-0.03503740135295166
3761,0.6948522728668058,0.02416445002974578,0.02416445002974578
3762,-0.373173266777457,0.566863890861304,0.566863890861304
3763,-0.5550768729650037,0.1921296801810797,0.1921296801810797
3764,-0.7548432536373959,0.012385216628593723,0.012385216628593723
3765,-0.29134869999307944,0.7026827026699629,0.7026827026699629
3766,0.02028533674728794,0.9839085402575358,0.9839085402575358
3767,-0.07841763724803896,0.9147670552199938,0.9147670552199938
3768,-0.3655419200514951,0.5238621529705028,0.5238621529705028
3769,-0.5971187354581375,0.12091257886676685,0.12091257886676685
3770,-0.1571219207667227,0.8389869658742323,0.8389869658742323
3771,0.3785210716694962,0.4804883529753421,0.4804883529753421
3772,-0.34735358063944166,0.5916802783999826,0.5916802783999826
3773,0.44375191331808805,0.33110557384043954,0.33110557384043954
3774,0.6323638366810895,0.0019910687349411205,0.0019910687349411205
3775,0.24641128442507165,0.721508706620378,0.721508706620378
3776,-0.6097844266115602,0.052662894485786364,0.052662894485786364
3777,0.19955586315173246,0.8368573503623528,0.8368573503623528
3778,0.9196700387553749,0.5152840807254985,0.5152840807254985
3779,0.35610410844121554,0.5582222622916144,0.5582222622916144
3780,0.45453669493420534,0.35471284817120236,0.35471284817120236
3781,-0.4837804500077414,0.2843500843128111,0.2843500843128111
3782,-0.057788108272891936,0.9651254951662191,0.9651254951662191
3783,-0.8969431063140241,0.3507440525313537,0.3507440525313537
3784,0.05229873019291964,1.0301644820159706,1.0301644820159706
3785,0.9535016913730172,0.7141025677425137,0.7141025677425137
3786,-0.13284514280874649,0.971747177840487,0.971747177840487
3787,0.5545211807320836,0.19778697780028795,0.19778697780028795
3788,0.1782298529065729,0.8315373014652061,0.8315373014652061
3789,-0.789941929570902,0.04188605137825484,0.04188605137825484
3790,0.7327658277499072,0.035813149220331846,0.035813149220331846
3791,0.7193159622325374,0.021564818427059623,0.021564818427059623
3792,-0.20562663095529143,0.8324577053999394,0.8324577053999394
3793,-0.053539941387220846,0.9953393425447367,0.9953393425447367
3794,-0.47290009305876857,0.353607141581809,0.353607141581809
3795,-0.9072496228235916,0.41715718529335094,0.41715718529335094
3796,-0.2673316520167497,0.66526375386002,0.66526375386002
3797,0.41515947005249476,0.5451755171372138,0.5451755171372138
3798,-0.8552968103524685,0.16196165596486886,0.16196165596486886
3799,-0.3033967839703684,0.650046850081656,0.650046850081656
3800,0.5659724368181767,0.1340864628015239,0.1340864628015239
3801,0.11265901857457372,1.0127578936599713,1.0127578936599713
3802,-0.5131119182291786,0.18971644749270766,0.18971644749270766
3803,0.4973628247059625,0.2725296913029333,0.2725296913029333
3804,-0.15739616516444976,0.9086976534256119,0.9086976534256119
3805,-0.9175860215597051,0.44920281572516674,0.44920281572516674
3806,0.18945882658884705,0.8522076962008891,0.8522076962008891
3807,0.5052764190311405,0.19953941041795845,0.19953941041795845
3808,0.023115655454426287,1.0308355473356163,1.0308355473356163
3809,0.8782764800639149,0.14247516523956444,0.14247516523956444
3810,0.009091749908623603,0.9907544581425204,0.9907544581425204
3811,-0.05583011199153742,1.0383957237057446,1.0383957237057446
3812,0.4157363802970466,0.41341400985576077,0.41341400985576077
3813,0.5483527441315048,0.08860457698457791,0.08860457698457791
3814,-0.9570597154801821,0.7608842356793206,0.7608842356793206
3815,0.067079074489385,0.9864577901049243,0.9864577901049243
3816,-0.024699060784023397,0.9680898854380051,0.9680898854380051
3817,-0.2918984047505164,0.7625805345374239,0.7625805345374239
3818,-0.3473438827655779,0.5522781337748474,0.5522781337748474
3819,0.3090504482853842,0.6832817670684683,0.6832817670684683
3820,-0.5067298826457027,0.2444336645778106,0.2444336645778106
3821,0.2712237274134919,0.8144457404661472,0.8144457404661472
3822,-0.25216737675294665,0.7555013853045979,0.7555013853045979
3823,0.9283941092505048,0.5517620415919189,0.5517620415919189
3824,0.4087777413410314,0.497773534870355,0.497773534870355
3825,-0.03563869314067891,1.039284181278442,1.039284181278442
3826,-0.8806562357092287,0.35308478623005835,0.35308478623005835
3827,-0.2312800623197735,0.7745752112992108,0.7745752112992108
3828,0.434923537479885,0.4394369627060227,0.4394369627060227
3829,0.340553533834254,0.5244680120744749,0.5244680120744749
3830,0.37650828171194983,0.4791925063307126,0.4791925063307126
3831,-0.6272299123468101,0.06718887387247732,0.06718887387247732
3832,0.6694923035575002,0.0056212829998488366,0.0056212829998488366
3833,0.19386349119337565,0.8975042460118345,0.8975042460118345
3834,0.8202007168503211,0.1467656484852573,0.1467656484852573
3835,0.8263259795256241,0.1266311693522024,0.1266311693522024
3836,0.06507930683787277,0.9989161673800311,0.9989161673800311
3837,0.7324913335109247,-0.024876098394735424,-0.024876098394735424
3838,0.6374862819851272,0.06242261474083467,0.06242261474083467
3839,-0.14048213340331506,0.872974956142558,0.872974956142558
3840,-0.07974506153450989,0.9170380644997941,0.9170380644997941
3841,-0.8637817014556788,0.33993469375352625,0.33993469375352625
3842,0.9908639059383106,0.9913123207293202,0.9913123207293202
3843,-0.17651217287755316,0.8594122323870935,0.8594122323870935
3844,0.692614937448041,-0.05453764126827071,-0.05453764126827071
3845,0.5357971979285536,0.172066346856618,0.172066346856618
3846,0.27014527581799475,0.7969421389599879,0.7969421389599879
3847,-0.34775927281025787,0.6050551968551554,0.6050551968551554
3848,-0.3588593260132189,0.5727787979972663,0.5727787979972663
3849,0.49714326341831794,0.20940197244061373,0.20940197244061373
3850,-0.3707688120002699,0.5995195218980589,0.5995195218980589
3851,0.45051371918838146,0.3263863627920786,0.3263863627920786
3852,0.3702604560174476,0.47042423013072504,0.47042423013072504
3853,0.9064029687538873,0.38496360442378325,0.38496360442378325
3854,-0.701819780435865,-0.0007462539248308299,-0.0007462539248308299
3855,0.10279622366571983,0.9256673568766305,0.9256673568766305
3856,0.27102756059122,0.7306878439337956,0.7306878439337956
3857,0.8848079504639974,0.3582208198299982,0.3582208198299982
3858,0.9942676693138264,0.9940626812317039,0.9940626812317039
3859,0.6996838713556937,-0.0005190189195012969,-0.0005190189195012969
3860,0.328932197878272,0.6411724538485006,0.6411724538485006
3861,0.6313708505207667,0.06902310461130347,0.06902310461130347
3862,-0.03668202996387504,0.9497111538648757,0.9497111538648757
3863,-0.16772726044236563,0.8940412263759564,0.8940412263759564
3864,-0.1908499611619845,0.8551731990167883,0.8551731990167883
3865,0.1614888960583707,0.9031679889488576,0.9031679889488576
3866,-0.04241461200332841,0.972110201416092,0.972110201416092
3867,-0.8326567777704748,0.1756512523806117,0.1756512523806117
3868,0.904368846918226,0.41261102295894325,0.41261102295894325
3869,-0.12007947575854816,0.991485768182088,0.991485768182088
3870,-0.06576988183842247,0.9111383964463713,0.9111383964463713
3871,-0.6127214866130506,0.05165804461367915,0.05165804461367915
3872,-0.8963072547112678,0.37490989192767604,0.37490989192767604
3873,-0.7439008899675812,0.04006266100342304,0.04006266100342304
3874,-0.20033283496781418,0.7649797891567057,0.7649797891567057
3875,0.5349405219456751,0.10752087906569965,0.10752087906569965
3876,0.2719840026318203,0.6640720230720124,0.6640720230720124
3877,-0.7521972157375012,-0.010500349573159744,-0.010500349573159744
3878,-0.6221523429763003,0.04858147140071184,0.04858147140071184
3879,-0.10175310509206903,0.9642378006219805,0.9642378006219805
3880,0.3212179346193631,0.5510259760561982,0.5510259760561982
3881,-0.16718168507520859,0.9324405053464543,0.9324405053464543
3882,0.26688232930705413,0.7518076440911471,0.7518076440911471
3883,0.708840238385396,0.0018983388695850269,0.0018983388695850269
3884,-0.19490690403841282,0.7515024004680108,0.7515024004680108
3885,-0.3717999334270381,0.5853962624508605,0.5853962624508605
3886,-0.5571048154225502,0.16693172499467188,0.16693172499467188
3887,0.48948207325282045,0.25732067694450844,0.25732067694450844
3888,0.394057244220108,0.5385560724870058,0.5385560724870058
3889,-0.8123253489399693,-0.023971667270869967,-0.023971667270869967
3890,-0.1326757819889688,0.9878838331021197,0.9878838331021197
3891,-0.5480873633200716,0.25279556885721155,0.25279556885721155
3892,-0.5578034101854266,0.21303067524516894,0.21303067524516894
3893,-0.41849910692581926,0.3812024952997368,0.3812024952997368
3894,0.7027697224539238,0.07228330369643163,0.07228330369643163
3895,0.31382557100374986,0.6463232587128576,0.6463232587128576
3896,0.29870371796534845,0.7057036952230317,0.7057036952230317
3897,0.8900276727699952,0.33204064974881087,0.33204064974881087
3898,0.45712214210874347,0.4042292289131868,0.4042292289131868
3899,-0.36424222954444185,0.6185315481508981,0.6185315481508981
3900,0.08773052897987976,0.9830583909664107,0.9830583909664107
3901,0.6927115622168787,0.041320445964659155,0.041320445964659155
3902,0.33530388257037647,0.5836632706126361,0.5836632706126361
3903,0.4036503050108933,0.505364081472855,0.505364081472855
3904,-0.7363820805616563,-0.057750695140327796,-0.057750695140327796
3905,0.3890074887476922,0.4863840036875717,0.4863840036875717
3906,-0.2790188837516767,0.7051460424640719,0.7051460424640719
3907,0.12342922200180362,1.0431349827226049,1.0431349827226049
3908,-0.31912905164786,0.6240927075127082,0.6240927075127082
3909,0.8314719495187544,0.16932329258556608,0.16932329258556608
3910,0.385902604358461,0.5402537637487324,0.5402537637487324
3911,-0.44664129047510204,0.31060178214501066,0.31060178214501066
3912,0.6014833807961746,0.035738691306332365,0.035738691306332365
3913,0.39705107337652956,0.4049219618430453,0.4049219618430453
3914,-0.7009616457956815,0.005468175978125437,0.005468175978125437
3915,0.49127999789497845,0.4100989599868399,0.4100989599868399
3916,0.10118154431494464,0.8759009145310219,0.8759009145310219
3917,0.8438724741805423,0.14611894904311115,0.14611894904311115
3918,-0.43758475057257096,0.4106030495580558,0.4106030495580558
3919,0.4243194480945116,0.3671292527407994,0.3671292527407994
3920,-0.4120979808009839,0.47213282391986666,0.47213282391986666
3921,0.1687492935905477,0.83331790914507,0.83331790914507
3922,0.760824081117436,0.0478423115376119,0.0478423115376119
3923,-0.17950376544571145,0.8985980342688301,0.8985980342688301
3924,0.17198116419626142,0.8463815410422733,0.8463815410422733
3925,0.8695932176967691,0.19084574446023805,0.19084574446023805
3926,0.6878175021130477,0.022701754223196834,0.022701754223196834
3927,-0.49115222449301266,0.29993713003743766,0.29993713003743766
3928,0.5825495011115831,0.08295932073618376,0.08295932073618376
3929,0.5536667834021689,0.1048773028472696,0.1048773028472696
3930,-0.5835367691438254,0.15106894974951945,0.15106894974951945
3931,0.007963237811564383,0.9690342484327985,0.9690342484327985
3932,0.3310848227211469,0.7194300307915638,0.7194300307915638
3933,-0.3986095868650785,0.3741001954108897,0.3741001954108897
3934,0.44161832987885985,0.4149661284116759,0.4149661284116759
3935,-0.42473253341206996,0.39011362914628533,0.39011362914628533
3936,0.9847126809543838,0.9233473823241155,0.9233473823241155
3937,0.9697638630328345,0.7525888801273417,0.7525888801273417
3938,-0.09314770923009386,1.0275433208190985,1.0275433208190985
3939,0.5572781667496225,0.09843196471080398,0.09843196471080398
3940,0.9038476245385025,0.3270543495275551,0.3270543495275551
3941,-0.28187256852477516,0.6689181493319637,0.6689181493319637
3942,-0.15955004912008453,0.909370077921316,0.909370077921316
3943,-0.8275728355004257,0.129895166385004,0.129895166385004
3944,-0.3811522513317711,0.4769181262326679,0.4769181262326679
3945,0.019302337772584277,1.0588811399781815,1.0588811399781815
3946,-0.24851892733556125,0.6973743993820017,0.6973743993820017
3947,-0.49121457298685267,0.3874648057618798,0.3874648057618798
3948,-0.5246715124045522,0.2592421687690702,0.2592421687690702
3949,-0.3782223257724493,0.5077964785243106,0.5077964785243106
3950,0.5178142502140914,0.22943448021862298,0.22943448021862298
3951,-0.24354182899590193,0.7745553626340861,0.7745553626340861
3952,-0.8548434594567076,0.12342244709074032,0.12342244709074032
3953,-0.03981442219462794,1.0210065774456973,1.0210065774456973
3954,0.3106253523122442,0.6414536148847995,0.6414536148847995
3955,0.7774181176391817,0.043954944144108665,0.043954944144108665
3956,0.30764702704953084,0.6785950869531258,0.6785950869531258
3957,0.43157529262169225,0.3560349665042798,0.3560349665042798
3958,-0.16409751593616728,0.9381006019590339,0.9381006019590339
3959,-0.3355046273879765,0.6832383831065577,0.6832383831065577
3960,-0.21372679246898607,0.8951087614106431,0.8951087614106431
3961,0.7338668182722772,0.0817981973383416,0.0817981973383416
3962,0.5044300352270297,0.21565225135148852,0.21565225135148852
3963,-0.4373915685652958,0.3791049251226241,0.3791049251226241
3964,0.7648112274254295,0.0031043976599459885,0.0031043976599459885
3965,0.42392630120690944,0.4680654846494405,0.4680654846494405
3966,0.9651622656369745,0.6958477743166261,0.6958477743166261
3967,-0.9010999761525653,0.41240410554069573,0.41240410554069573
3968,-0.18286882267997528,0.8386491692477267,0.8386491692477267
3969,-0.770021697845354,0.04539701497041948,0.04539701497041948
3970,-0.3462740322318345,0.6030255091033679,0.6030255091033679
3971,-0.20813429217463453,0.7999760804883547,0.7999760804883547
3972,-0.021532958708035288,1.040224038278001,1.040224038278001
3973,-0.5448330574679261,0.12914442639627544,0.12914442639627544
3974,0.9969663733051797,0.9818733121429015,0.9818733121429015
3975,0.015318927166232621,0.9775364480748607,0.9775364480748607
3976,-0.7935279015161838,0.08695487902402206,0.08695487902402206
3977,-0.74760436233266,0.025971457865436413,0.025971457865436413
3978,-0.5607985845266916,0.10411605070398623,0.10411605070398623
3979,0.7679368643008533,0.07953421452916021,0.07953421452916021
3980,-0.1280578941701387,0.9420590882155665,0.9420590882155665
3981,-0.4616913970989249,0.2656504780289177,0.2656504780289177
3982,-0.013527218508807115,0.9518940155845879,0.9518940155845879
3983,-0.9171211158512644,0.4315559939935924,0.4315559939935924
3984,-0.48056289270376107,0.2768659115024835,0.2768659115024835
3985,-0.046001843561719324,0.9141343821397776,0.9141343821397776
3986,-0.5774065044308854,0.13763218190305995,0.13763218190305995
3987,-0.5952389793079575,0.023513240794233302,0.023513240794233302
3988,-0.329438878533024,0.6346964958831455,0.6346964958831455
3989,-0.18793617599033952,0.7977215346404487,0.7977215346404487
3990,-0.5732590781805149,0.10550799512543861,0.10550799512543861
3991,0.6112641139290556,0.12957318474478252,0.12957318474478252
3992,-0.6439186681589375,0.09145577753454019,0.09145577753454019
3993,-0.36480482450432805,0.5598831129881355,0.5598831129881355
3994,0.15777367524900887,0.9214219549511901,0.9214219549511901
3995,-0.36671149994474517,0.5225204497436774,0.5225204497436774
3996,-0.42467911276561465,0.38886942964772364,0.38886942964772364
3997,-0.2832071480176386,0.6981650981903245,0.6981650981903245
3998,0.5314923715309858,0.25924397246808706,0.25924397246808706
3999,-0.0280634426250026,0.9516973005082205,0.9516973005082205
4000,-0.13410467448607322,0.893783374528179,0.893783374528179
4001,0.8750602084887062,0.22719531440000224,0.22719531440000224
4002,-0.5196894028375854,0.24524155751430707,0.24524155751430707
4003,0.21774522412589414,0.8114552226849733,0.8114552226849733
4004,0.1507368297643794,0.875861493582156,0.875861493582156
4005,0.7792177080568299,-0.08101021769840454,-0.08101021769840454
4006,0.6324362004851547,-0.013530776511361024,-0.013530776511361024
4007,0.7104889512172121,0.0910755208195369,0.0910755208195369
4008,-0.8415498228082485,0.15440740423537241,0.15440740423537241
4009,0.05112351623748612,1.0603223462689055,1.0603223462689055
4010,0.5586297165115257,0.10764213206744944,0.10764213206744944
4011,-0.994772068871637,1.049358269645904,1.049358269645904
4012,-0.2535208022547768,0.84951500693145,0.84951500693145
4013,0.9025165412640628,0.31128843947361146,0.31128843947361146
4014,-0.3043371320271324,0.6239513964632375,0.6239513964632375
4015,-0.6181305261274135,0.12728980538068127,0.12728980538068127
4016,0.9852066546365241,0.9731224416994853,0.9731224416994853
4017,-0.07623474180812995,0.9841916563987597,0.9841916563987597
4018,-0.939723131366961,0.5919103296964259,0.5919103296964259
4019,-0.47909591344592406,0.28296289993569185,0.28296289993569185
4020,-0.005953516995667485,0.9692466880120921,0.9692466880120921
4021,0.48304396348488043,0.26866681251761554,0.26866681251761554
4022,0.8268854835912596,0.11676933017902628,0.11676933017902628
4023,0.7099823359582886,-0.029190492459149987,-0.029190492459149987
4024,0.860306972479826,0.289142412604988,0.289142412604988
4025,-0.7391160905743237,0.07709854543112568,0.07709854543112568
4026,0.6593541171159465,-0.007056550022322555,-0.007056550022322555
4027,-0.4968469700771221,0.23933963242105932,0.23933963242105932
4028,-0.9012150110502937,0.41083993145139286,0.41083993145139286
4029,0.35265381217685743,0.505937177015621,0.505937177015621
4030,-0.5362762724399281,0.12051610490385584,0.12051610490385584
4031,0.7552013849768868,0.09828098218581081,0.09828098218581081
4032,0.7458833860807697,-0.0020033727888386747,-0.0020033727888386747
4033,-0.05591476835005138,1.0569331037347427,1.0569331037347427
4034,0.33252492000749023,0.513739602771529,0.513739602771529
4035,0.6157100016552297,0.10333758112679231,0.10333758112679231
4036,-0.007305275212839524,0.9923373198279876,0.9923373198279876
4037,0.9326524131108826,0.578857512437604,0.578857512437604
4038,0.459053611229574,0.4154215650003998,0.4154215650003998
4039,0.4789550549632624,0.2536314498048458,0.2536314498048458
4040,-0.4951313193972584,0.15810559641256933,0.15810559641256933
4041,0.4056998253552335,0.4539642780215185,0.4539642780215185
4042,0.02291896946196781,1.0209875238444992,1.0209875238444992
4043,0.34618659733424995,0.547108562570374,0.547108562570374
4044,0.7615679099132575,-0.043785786146430486,-0.043785786146430486
4045,0.6007322303111382,0.06029138691491451,0.06029138691491451
4046,0.7932202000182458,0.10217274777563892,0.10217274777563892
4047,0.6808530996673301,-0.08761654234849328,-0.08761654234849328
4048,-0.1767615317661122,0.8990643192448463,0.8990643192448463
4049,-0.3788441589565821,0.48326007750637506,0.48326007750637506
4050,-0.41901309033465983,0.4338277873999101,0.4338277873999101
4051,0.5740267018404781,0.10818624944965077,0.10818624944965077
4052,-0.2060234153837699,0.8543186097306515,0.8543186097306515
4053,-0.31586362374841315,0.5209688894115365,0.5209688894115365
4054,0.2112336344777237,0.907134929029785,0.907134929029785
4055,-0.7900346195404888,0.016437175637518134,0.016437175637518134
4056,0.018386236149624535,1.0071930985011586,1.0071930985011586
4057,0.15806339405350522,0.9035838673685836,0.9035838673685836
4058,-0.5230976587923237,0.21869807993431428,0.21869807993431428
4059,-0.642618847593672,-0.04832603457413027,-0.04832603457413027
4060,0.6905190764717803,-0.02665785263436333,-0.02665785263436333
4061,0.18501756773414413,0.8353195004174767,0.8353195004174767
4062,-0.21964252059616673,0.8104078857125059,0.8104078857125059
4063,-0.33209253324678545,0.4824764651664608,0.4824764651664608
4064,-0.2846117213388384,0.7046312567583253,0.7046312567583253
4065,-0.7868570005981179,0.07521995870656197,0.07521995870656197
4066,-0.813444809956692,0.04732430034757595,0.04732430034757595
4067,0.7227964267987519,0.002465401510920446,0.002465401510920446
4068,-0.7955465737892995,0.10230908395307267,0.10230908395307267
4069,-0.4116420347351746,0.505971999969246,0.505971999969246
4070,-0.03088245779737253,1.0197076707975767,1.0197076707975767
4071,-0.629800683564343,-0.026139459488523892,-0.026139459488523892
4072,0.3613268497001376,0.5217193963327922,0.5217193963327922
4073,-0.09109100813243232,0.9189791089840945,0.9189791089840945
4074,0.9989768215554524,1.0543571089281563,1.0543571089281563
4075,-0.5912021403215824,0.10749075874263476,0.10749075874263476
4076,-0.23848061199071569,0.7166766364031626,0.7166766364031626
4077,-0.5175521854832059,0.15995403118232365,0.15995403118232365
4078,0.2869326219199646,0.7159184246163706,0.7159184246163706
4079,-0.01789550886489999,0.9988382029679357,0.9988382029679357
4080,0.16474149990398623,0.9954902809292273,0.9954902809292273
4081,-0.8367389148538207,0.164297575489248,0.164297575489248
4082,0.8834666964345887,0.36246166509181,0.36246166509181
4083,0.9980534409411705,0.9953343449665841,0.9953343449665841
4084,-0.41185772893626105,0.5165018406643607,0.5165018406643607
4085,-0.8482105782261364,0.18465682990441482,0.18465682990441482
4086,-0.42994138353245415,0.3831197095202846,0.3831197095202846
4087,-0.13955747967437038,0.9263971446713325,0.9263971446713325
4088,0.7924123225559256,0.1733367173618986,0.1733367173618986
4089,-0.5750378165340744,0.20753191607216157,0.20753191607216157
4090,-0.8711370640951746,0.20867589639640516,0.20867589639640516
4091,0.6235296604445171,0.06403019671705869,0.06403019671705869
4092,-0.021055018636865874,0.8541670594144375,0.8541670594144375
4093,-0.8542598940643917,0.14431097412518967,0.14431097412518967
4094,0.697278470276202,-0.026233061678551828,-0.026233061678551828
4095,0.28057312955990943,0.7931180923353441,0.7931180923353441
4096,-0.22834115129868748,0.6531251339669126,0.6531251339669126
4097,0.6115880278238865,0.027710407174516588,0.027710407174516588
4098,-0.7695619663700959,0.017765116874601427,0.017765116874601427
4099,0.18801954294647572,0.9123577928958891,0.9123577928958891
4100,-0.5201390656600944,0.16656075272881823,0.16656075272881823
4101,0.32401344630911355,0.5383249486421535,0.5383249486421535
4102,-0.8390110793179713,0.13328561922265691,0.13328561922265691
4103,-0.7316339827098566,-0.03601737268358033,-0.03601737268358033
4104,0.710444137981068,-0.016034752991865076,-0.016034752991865076
4105,0.9788657618976613,0.8440477372407429,0.8440477372407429
4106,-0.3013654875902758,0.6956913444657175,0.6956913444657175
4107,-0.40357153911328725,0.39349324519985984,0.39349324519985984
4108,-0.7709858782037022,0.010276116744821446,0.010276116744821446
4109,-0.7908268470707518,0.13787914572485654,0.13787914572485654
4110,0.9919932337144306,0.9115856025932921,0.9115856025932921
4111,0.14549173737036125,0.993110848870607,0.993110848870607
4112,-0.6472598891650636,0.035560177952878434,0.035560177952878434
4113,-0.9231409592701791,0.5023235680069167,0.5023235680069167
4114,0.9698288537270159,0.7485126158575789,0.7485126158575789
4115,0.24485571400928063,0.7901866907159005,0.7901866907159005
4116,0.2870964274432872,0.6709805369839753,0.6709805369839753
4117,-0.6930425583240942,0.01783667280526196,0.01783667280526196
4118,0.3304720471329028,0.5882595459907839,0.5882595459907839
4119,-0.6547993275953883,0.011640743567756502,0.011640743567756502
4120,-0.5325015159018354,0.15487021096096137,0.15487021096096137
4121,0.7060134718459392,0.04017297175101515,0.04017297175101515
4122,-0.6343702679237151,0.04084851956157177,0.04084851956157177
4123,0.8831425068787264,0.23785815008397027,0.23785815008397027
4124,-0.26929456712510347,0.7435434402202238,0.7435434402202238
4125,0.6458939797814698,0.0799704960747289,0.0799704960747289
4126,0.82585884261753,0.09223342558266012,0.09223342558266012
4127,0.4716681423487932,0.27224459755593583,0.27224459755593583
4128,-0.08694657507531134,0.9277359083141804,0.9277359083141804
4129,0.38011924249631024,0.42373351342861426,0.42373351342861426
4130,-0.17718908430958957,0.9666516978739634,0.9666516978739634
4131,0.13836954449568228,0.9848447456107009,0.9848447456107009
4132,-0.1995973421747146,0.8494439332344896,0.8494439332344896
4133,-0.003912521319993978,0.9709912462117541,0.9709912462117541
4134,0.5031558819418442,0.22493603869013595,0.22493603869013595
4135,-0.002464214572569956,1.010627116487325,1.010627116487325
4136,-0.41280088157046246,0.37366339149063427,0.37366339149063427
4137,-0.028019766661003365,1.055621699758706,1.055621699758706
4138,-0.6669178484894382,-0.02889694227534935,-0.02889694227534935
4139,-0.15735902867653473,0.8868482384813413,0.8868482384813413
4140,0.13625722620260428,0.9263973235297048,0.9263973235297048
4141,0.12127996902007476,0.9393720592687462,0.9393720592687462
4142,-0.7463609631561015,0.026020613139506526,0.026020613139506526
4143,0.08363900180434647,0.8908991917634588,0.8908991917634588
4144,0.3763786207905593,0.5967923057266317,0.5967923057266317
4145,0.9396160193901268,0.5624746196197071,0.5624746196197071
4146,-0.513061980875041,0.22649852661743594,0.22649852661743594
4147,0.7906802991017898,0.0574604459471457,0.0574604459471457
4148,0.4838824245834661,0.2782098398602947,0.2782098398602947
4149,0.8080432646504956,0.004130101004777398,0.004130101004777398
4150,0.20455027445172957,0.7575429064624258,0.7575429064624258
4151,-0.26593275179657505,0.6999075606431752,0.6999075606431752
4152,-0.5737299634081401,0.0727144819034328,0.0727144819034328
4153,0.7888819832624827,0.09620556303323369,0.09620556303323369
4154,-0.8836393029234637,0.28034182076019604,0.28034182076019604
4155,-0.029487848308154208,0.9711183389128859,0.9711183389128859
4156,0.5087468280764935,0.21882536804703842,0.21882536804703842
4157,-0.5352717086668433,0.1927248230985436,0.1927248230985436
4158,0.04340218499349335,0.8975037761395337,0.8975037761395337
4159,0.3963010642883431,0.4310563459577314,0.4310563459577314
4160,0.7409547920963333,-0.0374972742401288,-0.0374972742401288
4161,0.3321123131374937,0.6119293176980566,0.6119293176980566
4162,0.1515169228021298,0.9003379894569833,0.9003379894569833
4163,0.49800407582498885,0.23679305020220248,0.23679305020220248
4164,0.9356678281137085,0.46191927998765064,0.46191927998765064
4165,0.6148737625664684,0.027893691387267057,0.027893691387267057
4166,-0.5033002787216017,0.2591024926981773,0.2591024926981773
4167,-0.5417815062361018,0.29356244055384983,0.29356244055384983
4168,-0.5719389437687992,0.10969411562363666,0.10969411562363666
4169,-0.14689835702725018,0.9764508129267866,0.9764508129267866
4170,-0.6419136227465418,0.060933882752722796,0.060933882752722796
4171,0.6363455951733259,-0.00380136106271952,-0.00380136106271952
4172,-0.5076833425639928,0.206183538579563,0.206183538579563
4173,-0.5967196121757778,0.14083106803409115,0.14083106803409115
4174,0.8900201740973652,0.4100942999241678,0.4100942999241678
4175,-0.7342411774710309,0.03796134085833309,0.03796134085833309
4176,-0.5794668063695532,0.14746821782170116,0.14746821782170116
4177,-0.4617192118199054,0.3937029478483627,0.3937029478483627
4178,-0.002434730475434854,1.1004550314322652,1.1004550314322652
4179,0.8581938302816774,0.1634652487077573,0.1634652487077573
4180,-0.22550166966542107,0.8367848947095764,0.8367848947095764
4181,-0.30433537015376544,0.5652073566348033,0.5652073566348033
4182,0.3390506613732649,0.6713105421254959,0.6713105421254959
4183,0.8685068326732988,0.26184923599604093,0.26184923599604093
4184,0.9916097242185593,0.9234476962594205,0.9234476962594205
4185,-0.798007772654459,0.08794330979831975,0.08794330979831975
4186,-0.06469914332473725,0.9723107203668327,0.9723107203668327
4187,-0.987189312505333,0.8181249668736505,0.8181249668736505
4188,0.44140767221094146,0.32842252836049235,0.32842252836049235
4189,-0.25177861775216814,0.7005613949904282,0.7005613949904282
4190,0.440106290431338,0.34595097442833606,0.34595097442833606
4191,-0.4381256055590852,0.43444816149418847,0.43444816149418847
4192,-0.7821420692965788,0.06273158380062706,0.06273158380062706
4193,0.5973879537891118,0.023225711463018633,0.023225711463018633
4194,-0.5571237368046278,0.0834298037838141,0.0834298037838141
4195,0.8477174580558264,0.19219183630223408,0.19219183630223408
4196,0.390497417511007,0.5065434168611731,0.5065434168611731
4197,-0.16297642178422822,0.9038998525901006,0.9038998525901006
4198,0.8847755934113195,0.2999288759606927,0.2999288759606927
4199,0.4348013327742295,0.33784724416645967,0.33784724416645967
4200,0.7415709784583158,0.009911925845492265,0.009911925845492265
4201,0.1539652769243509,0.9354024147881859,0.9354024147881859
4202,-0.10753228719401298,1.0083005203001467,1.0083005203001467
4203,0.817143147169866,0.08342027140505981,0.08342027140505981
4204,-0.14088350215840473,1.011580293295812,1.011580293295812
4205,-0.8187080263443351,0.07378770270486486,0.07378770270486486
4206,0.8607951313048074,0.33692190082554163,0.33692190082554163
4207,0.23935925355413135,0.7896604877878967,0.7896604877878967
4208,0.06416490286200904,0.9810085345539542,0.9810085345539542
4209,-0.16136328826015678,0.8705997440183036,0.8705997440183036
4210,-0.7120968638380749,-0.05954312062316115,-0.05954312062316115
4211,0.12924822783383227,0.9247853042266134,0.9247853042266134
4212,0.5390595818951127,0.2675601896827244,0.2675601896827244
4213,-0.7968466533779308,0.07871282583989696,0.07871282583989696
4214,-0.3128520167151765,0.7411777874403263,0.7411777874403263
4215,-0.21270573648411184,0.8128218997086026,0.8128218997086026
4216,0.8410850301629766,0.13412390919316658,0.13412390919316658
4217,-0.037794042253444404,1.0357006779839153,1.0357006779839153
4218,0.5842804169194087,0.05171166681736659,0.05171166681736659
4219,0.758122325505918,-0.0370904127753616,-0.0370904127753616
4220,-0.5817032162312765,0.08004882803333954,0.08004882803333954
4221,-0.0511240395084136,1.0758603731039695,1.0758603731039695
4222,0.5254647311967704,0.1599861707930075,0.1599861707930075
4223,-0.4163278608138228,0.39989849996617943,0.39989849996617943
4224,0.15818946480220064,0.9096578921384308,0.9096578921384308
4225,-0.8054877216652316,0.10943233479329789,0.10943233479329789
4226,0.11122513564567571,0.9178649262363229,0.9178649262363229
4227,-0.4692131327392255,0.3216666749939162,0.3216666749939162
4228,0.7468580392755302,-0.08809586804095632,-0.08809586804095632
4229,0.8780220373114083,0.2632345682772492,0.2632345682772492
4230,-0.3286356794298131,0.5396908883319002,0.5396908883319002
4231,0.24179814186672677,0.7622691639940951,0.7622691639940951
4232,0.537587866677482,0.14688399947834332,0.14688399947834332
4233,0.5006956279945938,0.24649306351110503,0.24649306351110503
4234,0.5528352265844176,0.10889162680473329,0.10889162680473329
4235,0.45776980978780424,0.3934135544177983,0.3934135544177983
4236,-0.9669257381984202,0.7740236838176988,0.7740236838176988
4237,-0.5417739591749431,0.19052463301723568,0.19052463301723568
4238,-0.889594666136519,0.3395894313570959,0.3395894313570959
4239,0.491137211979882,0.2427444311684241,0.2427444311684241
4240,0.2551730460318402,0.7453622965014115,0.7453622965014115
4241,-0.7474414965295564,-0.04732828299737095,-0.04732828299737095
4242,-0.6170928716708353,0.01810171775403971,0.01810171775403971
4243,0.5796852716328935,0.08303579726982215,0.08303579726982215
4244,0.1024177612328887,0.9248694002731981,0.9248694002731981
4245,0.317313470679353,0.6338665836780393,0.6338665836780393
4246,0.025576771392120667,0.9738818029637627,0.9738818029637627
4247,-0.2326310697539269,0.7454928676017476,0.7454928676017476
4248,0.5146122163047397,0.23974204234379654,0.23974204234379654
4249,-0.20561981711624022,0.8431042296698589,0.8431042296698589
4250,-0.45148197006798974,0.3368820201186654,0.3368820201186654
4251,-0.7557600435931631,-0.002235867572904268,-0.002235867572904268
4252,0.6614795440270718,0.0277657366126505,0.0277657366126505
4253,0.4768156143053499,0.32262419528716973,0.32262419528716973
4254,0.3091315706294704,0.634735311983223,0.634735311983223
4255,-0.0683322921358489,1.0197731537572965,1.0197731537572965
4256,0.40774747079382156,0.45125639285167807,0.45125639285167807
4257,-0.9112081307351518,0.4203361017380233,0.4203361017380233
4258,0.6338420247836458,0.008249243855558842,0.008249243855558842
4259,-0.6819828469962577,0.055260220943467206,0.055260220943467206
4260,-0.8021920029498295,0.016557409239008808,0.016557409239008808
4261,-0.9897122833113121,0.9776438283177212,0.9776438283177212
4262,0.12768453183261053,0.9139160642182725,0.9139160642182725
4263,-0.25471860114882316,0.7112940703338029,0.7112940703338029
4264,0.38925797448028976,0.40848895866256874,0.40848895866256874
4265,0.42301062054909355,0.3949968310334305,0.3949968310334305
4266,0.86741641384362,0.2975999252525913,0.2975999252525913
4267,-0.3930750627280095,0.4560737907190871,0.4560737907190871
4268,0.29070024229296076,0.715916421986187,0.715916421986187
4269,-0.17320113155183336,0.7778180805131588,0.7778180805131588
4270,0.6224357361149688,0.06813469958486906,0.06813469958486906
4271,-0.8562990933354473,0.11356644556796441,0.11356644556796441
4272,-0.008167283602527275,0.9901639188179548,0.9901639188179548
4273,0.5209886768671561,0.15548302981452702,0.15548302981452702
4274,0.8495482656787465,0.13374779585090954,0.13374779585090954
4275,0.6260139298046785,0.10448916159306709,0.10448916159306709
4276,-0.26277162806492793,0.7616920398785779,0.7616920398785779
4277,0.5635512357465957,0.11970559876366282,0.11970559876366282
4278,0.20399662393598605,0.8486151687562605,0.8486151687562605
4279,-0.17677590265830112,0.8696973773860498,0.8696973773860498
4280,-0.6874270489481211,0.0483994184520949,0.0483994184520949
4281,-0.08400944554362355,0.9657635587360965,0.9657635587360965
4282,-0.955106244555866,0.6731257433432482,0.6731257433432482
4283,0.1556278479602713,0.8125749886365476,0.8125749886365476
4284,0.5453243932200189,0.23585569415223362,0.23585569415223362
4285,0.12469826726300703,0.9933701027989262,0.9933701027989262
4286,0.7493706860182778,0.06178397073967756,0.06178397073967756
4287,0.6248775855254565,0.0651289747691868,0.0651289747691868
4288,0.9260560623976712,0.3852571485040798,0.3852571485040798
4289,-0.7353988353420218,-0.0853516609402822,-0.0853516609402822
4290,0.08753976245267459,0.9125030747343597,0.9125030747343597
4291,0.7708907642246572,0.023711772213254496,0.023711772213254496
4292,-0.10055516910007123,0.9839080296056559,0.9839080296056559
4293,-0.8868980986686226,0.395272997047823,0.395272997047823
4294,-0.05303204684917162,1.0264844153063093,1.0264844153063093
4295,-0.6338199955038673,0.08253724905159696,0.08253724905159696
4296,-0.25301116600138496,0.7606194526178041,0.7606194526178041
4297,0.6374876020074989,-0.038909659515108316,-0.038909659515108316
4298,0.29980248261968767,0.6367314707241614,0.6367314707241614
4299,0.9011254824856463,0.3808150530427071,0.3808150530427071
4300,0.5972766510437555,0.15527826845073187,0.15527826845073187
4301,-0.33999013863606153,0.5483807458096861,0.5483807458096861
4302,-0.7450028436425478,0.04103613202618871,0.04103613202618871
4303,0.5535592537726028,0.16036774976007567,0.16036774976007567
4304,0.09742053454513644,1.0550592505291498,1.0550592505291498
4305,0.5861759358201624,0.05119397734312512,0.05119397734312512
4306,-0.7941217131940872,0.0365426492349327,0.0365426492349327
4307,-0.014556873811574,0.9896656838524057,0.9896656838524057
4308,-0.5496598372653438,0.1495688394176249,0.1495688394176249
4309,0.6448328234255358,0.06308309649023569,0.06308309649023569
4310,0.6163379676283967,0.05026456844538955,0.05026456844538955
4311,-0.5675663854645028,0.13407779088617636,0.13407779088617636
4312,-0.4472022316135753,0.2780469694059473,0.2780469694059473
4313,0.11504817769325415,0.8415431926186095,0.8415431926186095
4314,0.753543600929339,0.049505586640351054,0.049505586640351054
4315,-0.21717432990254282,0.8115566382357439,0.8115566382357439
4316,-0.9613322440823475,0.6571277034059744,0.6571277034059744
4317,0.7732333545379775,0.11733409635494164,0.11733409635494164
4318,-0.2963747239135206,0.6482299760490294,0.6482299760490294
4319,0.8393684905329699,0.22606226638659918,0.22606226638659918
4320,-0.38442665662664655,0.5593981780878244,0.5593981780878244
4321,0.41750285573106183,0.4628783025314583,0.4628783025314583
4322,-0.7990952226070229,0.01389921467661935,0.01389921467661935
4323,0.7033256727053394,-0.07349079499842497,-0.07349079499842497
4324,-0.8521651275203679,0.25299238130888146,0.25299238130888146
4325,-0.25724848959610536,0.7860077974159063,0.7860077974159063
4326,0.917219441714874,0.485676007324188,0.485676007324188
4327,0.3289658581703938,0.6024494282314532,0.6024494282314532
4328,-0.9857086146540439,0.8731755328286069,0.8731755328286069
4329,0.7723047326048731,0.02914349592698845,0.02914349592698845
4330,-0.2214056003163003,0.8539257625281149,0.8539257625281149
4331,0.5970692393912798,0.050583302060462264,0.050583302060462264
4332,-0.02851713969891967,0.9904918809280241,0.9904918809280241
4333,-0.18422597951138497,0.7456362179968418,0.7456362179968418
4334,-0.7746425174123381,-0.03396391533130007,-0.03396391533130007
4335,-0.6311413465500482,0.03604034351232363,0.03604034351232363
4336,-0.5392689954577272,0.19481211711239563,0.19481211711239563
4337,-0.5090526613384307,0.23745165141335728,0.23745165141335728
4338,-0.19363457412854412,0.9152140275949752,0.9152140275949752
4339,0.6992238066683163,0.03934755766654841,0.03934755766654841
4340,0.8918862000963188,0.3542650658377655,0.3542650658377655
4341,0.16705461534440258,0.8360473035111187,0.8360473035111187
4342,0.765841646191777,-0.04782302610948842,-0.04782302610948842
4343,-0.6461484723860862,-0.08381485580834978,-0.08381485580834978
4344,-0.0977401917575611,0.9924068041420981,0.9924068041420981
4345,0.40491483514257465,0.4994430380428555,0.4994430380428555
4346,0.43186373202594,0.36591408077579596,0.36591408077579596
4347,0.2183262951377103,0.9297667546946784,0.9297667546946784
4348,0.10673501379272632,0.9892785146279524,0.9892785146279524
4349,-0.9606087116540527,0.7641423549184296,0.7641423549184296
4350,-0.2996150299812712,0.7481218837228174,0.7481218837228174
4351,0.19237660264967094,0.8843349856989393,0.8843349856989393
4352,-0.5992990488704597,0.012814640681092199,0.012814640681092199
4353,0.6973483022991562,0.022914331354045775,0.022914331354045775
4354,-0.088772128154055,0.943418475301106,0.943418475301106
4355,-0.9413062449011063,0.6233393851263517,0.6233393851263517
4356,-0.3017389089223492,0.716546856667298,0.716546856667298
4357,0.5681073554494096,0.12500078619426166,0.12500078619426166
4358,0.5323271002274277,0.24787772674229785,0.24787772674229785
4359,0.6081429805890517,0.05593288298551482,0.05593288298551482
4360,0.7753200697872373,-0.023868628224593347,-0.023868628224593347
4361,-0.39997540973301215,0.572335756861256,0.572335756861256
4362,-0.7804254179757266,0.07111703575753224,0.07111703575753224
4363,-0.9741486373243282,0.7891951886557015,0.7891951886557015
4364,-0.44348877844650425,0.41066462103975543,0.41066462103975543
4365,-0.416105415981912,0.44827476571383557,0.44827476571383557
4366,0.7094775226444601,-0.029193513626917023,-0.029193513626917023
4367,-0.9408097331387717,0.5657884260778869,0.5657884260778869
4368,-0.2528724974412586,0.7907714947030803,0.7907714947030803
4369,0.2198790673167259,0.8548563058045906,0.8548563058045906
4370,0.31161283041760934,0.6142535802398889,0.6142535802398889
4371,-0.561722013762959,0.13229954223713006,0.13229954223713006
4372,0.5121546445760881,0.2022450549276964,0.2022450549276964
4373,-0.40511385075762485,0.39854947865306267,0.39854947865306267
4374,0.9745258944287334,0.7548136491163571,0.7548136491163571
4375,-0.41139610038146945,0.48044641298222,0.48044641298222
4376,0.32283833745960355,0.516945243567307,0.516945243567307
4377,0.7985390182158811,0.13355788194236298,0.13355788194236298
4378,0.4766750291386215,0.24526644561271477,0.24526644561271477
4379,0.2632015901883533,0.8011756402895305,0.8011756402895305
4380,-0.49111273509907805,0.2892253654098693,0.2892253654098693
4381,0.45031018725138083,0.30235965955125865,0.30235965955125865
4382,0.8838590902172232,0.2954000268750578,0.2954000268750578
4383,0.6640402796599858,0.04186991444710844,0.04186991444710844
4384,0.6759836217707735,0.04877933163778134,0.04877933163778134
4385,0.7931380699214436,0.1323382751994281,0.1323382751994281
4386,-0.20680794389455603,0.916420683090794,0.916420683090794
4387,-0.8358569863359795,0.13638163367007242,0.13638163367007242
4388,-0.2072890487016381,0.8552606367850811,0.8552606367850811
4389,0.46856917486601835,0.2635911761103806,0.2635911761103806
4390,-0.5173369209101917,0.20881108304184673,0.20881108304184673
4391,0.8676760386691929,0.2293995804978161,0.2293995804978161
4392,0.7641939969347173,0.04803771454450291,0.04803771454450291
4393,0.43532394329540414,0.35193961385955075,0.35193961385955075
4394,-0.6602555814179367,-0.014755088149036779,-0.014755088149036779
4395,-0.5597653201648609,0.1274249013607502,0.1274249013607502
4396,-0.9428165670712547,0.5091999587293048,0.5091999587293048
4397,0.7281466133770687,0.018190474035945235,0.018190474035945235
4398,0.9434676141812663,0.679883551869156,0.679883551869156
4399,-0.901715904405157,0.3203198553126555,0.3203198553126555
4400,0.22274904108427362,0.8270751717508382,0.8270751717508382
4401,0.38060126444413056,0.5271719481883566,0.5271719481883566
4402,-0.5280516289163499,0.16011004884303887,0.16011004884303887
4403,-0.3534152583905239,0.6023040785173684,0.6023040785173684
4404,-0.9094637084023174,0.40790190923616004,0.40790190923616004
4405,-0.8912592889688244,0.40788793405999235,0.40788793405999235
4406,0.6197635302500508,0.0559111584935619,0.0559111584935619
4407,0.29411595029258963,0.7409982242054513,0.7409982242054513
4408,-0.8201035502318419,0.12175223589428628,0.12175223589428628
4409,-0.8106603660516318,0.06130831752231613,0.06130831752231613
4410,0.5467105681933386,0.16241520895731248,0.16241520895731248
4411,0.3035144331154358,0.7342601944065386,0.7342601944065386
4412,0.9382865113496042,0.5876101916332324,0.5876101916332324
4413,-0.9778065281806738,0.7915214434524261,0.7915214434524261
4414,-0.9358010774296075,0.46960635862034644,0.46960635862034644
4415,-0.844706147525635,0.24120344257599055,0.24120344257599055
4416,0.883167937950331,0.2608178661253686,0.2608178661253686
4417,-0.4150429675238221,0.5033184620318191,0.5033184620318191
4418,0.9656058347397227,0.7728573664473323,0.7728573664473323
4419,0.5200242950436285,0.11085251854663067,0.11085251854663067
4420,-0.2850365908796566,0.6768943128273128,0.6768943128273128
4421,-0.365066123452801,0.5156911077787594,0.5156911077787594
4422,0.614490334346323,-0.05623503768301687,-0.05623503768301687
4423,-0.6717568764206185,0.05323300914122294,0.05323300914122294
4424,-0.3981425561650016,0.4793506904578121,0.4793506904578121
4425,-0.2259686108734389,0.8709632807668102,0.8709632807668102
4426,0.7985457677459211,0.09450832810319137,0.09450832810319137
4427,-0.6913544564554193,-0.054021993305308234,-0.054021993305308234
4428,-0.8666647940261525,0.29815874352609567,0.29815874352609567
4429,0.5143600061027345,0.17956807217173792,0.17956807217173792
4430,-0.7861867555612754,-0.05005285943361168,-0.05005285943361168
4431,-0.45891320520206236,0.351130302917599,0.351130302917599
4432,0.6040325383084484,0.08387189644694337,0.08387189644694337
4433,-0.0871562783751958,1.0243793989323011,1.0243793989323011
4434,-0.7379886197680321,0.055965326490020874,0.055965326490020874
4435,-0.005688762698122796,1.0091674333878105,1.0091674333878105
4436,0.012805636438174117,0.9892079662446672,0.9892079662446672
4437,0.37113925310193396,0.5010258612012146,0.5010258612012146
4438,0.2559102603994885,0.744933622545089,0.744933622545089
4439,0.37160548145216943,0.5120937846126468,0.5120937846126468
4440,-0.9407885201856525,0.5109059524909445,0.5109059524909445
4441,-0.044557053152324944,1.0313130606596328,1.0313130606596328
4442,-0.5014835533558231,0.14457070361272528,0.14457070361272528
4443,-0.2175203309569984,0.7151159928516398,0.7151159928516398
4444,0.5917709302943981,0.0562530115911995,0.0562530115911995
4445,-0.36238151711686806,0.5023548778131669,0.5023548778131669
4446,0.870202952121045,0.298165699544509,0.298165699544509
4447,0.4059184144124699,0.5166654362753584,0.5166654362753584
4448,-0.10870317985813704,0.9779946611539282,0.9779946611539282
4449,0.4663866819309177,0.347571979526829,0.347571979526829
4450,-0.8469298902618105,0.18199009303393673,0.18199009303393673
4451,0.9190743851310319,0.48930861741789955,0.48930861741789955
4452,-0.1014623580857903,0.924261687616447,0.924261687616447
4453,-0.5125558889558028,0.12872821638510445,0.12872821638510445
4454,0.07495399014753246,1.0320761045622973,1.0320761045622973
4455,0.5307212370658547,0.14729358036798207,0.14729358036798207
4456,-0.5836375626401233,0.0765811715470607,0.0765811715470607
4457,0.863385142223865,0.22720793179945817,0.22720793179945817
4458,-0.6298509501741021,-4.717408449848165e-05,-4.717408449848165e-05
4459,-0.12796106648017758,0.8558682759144663,0.8558682759144663
4460,0.9008974981180411,0.4716039456074617,0.4716039456074617
4461,-0.1494865319280494,0.8937990380116044,0.8937990380116044
4462,-0.5658357257321927,0.1456976706560565,0.1456976706560565
4463,-0.5157799018296798,0.260774382249342,0.260774382249342
4464,-0.20650175369502,0.9093857953187413,0.9093857953187413
4465,-0.8417076093505365,0.15083707129990717,0.15083707129990717
4466,-0.959269988606017,0.66806489028856,0.66806489028856
4467,0.9413742333268187,0.5652083546158351,0.5652083546158351
4468,0.5034318314048862,0.21252229620297375,0.21252229620297375
4469,-0.8418109074676539,0.17960322482602992,0.17960322482602992
4470,0.6235834865059555,0.040395609960011986,0.040395609960011986
4471,-0.4946633491623751,0.2071435651032536,0.2071435651032536
4472,0.5990571075726785,0.09690829993017319,0.09690829993017319
4473,0.9211393550835607,0.5277263652563288,0.5277263652563288
4474,0.8287739012288027,0.13836651752073464,0.13836651752073464
4475,0.09837158709851113,0.9857424876763684,0.9857424876763684
4476,-0.557541030805093,0.14965317687073607,0.14965317687073607
4477,0.6322269308237085,-0.014257210246020925,-0.014257210246020925
4478,-0.01727947162386312,1.0083519899579214,1.0083519899579214
4479,0.4934108689456449,0.21163947558984192,0.21163947558984192
4480,0.528444246756469,0.16843845707522997,0.16843845707522997
4481,0.8829972170907343,0.2950274266012723,0.2950274266012723
4482,0.42599858657097767,0.43224902718419284,0.43224902718419284
4483,0.20954420244511196,0.7749792120209561,0.7749792120209561
4484,0.02258308336725512,1.0284119384031534,1.0284119384031534
4485,0.7219371562335402,-0.026564821925871594,-0.026564821925871594
4486,0.7211795490093567,-0.04716678196314072,-0.04716678196314072
4487,-0.6404798463174757,0.11897576542468481,0.11897576542468481
4488,0.9563841099906965,0.6709643901473091,0.6709643901473091
4489,-0.9142141288536405,0.49093326643599017,0.49093326643599017
4490,-0.21197479557414334,0.9232547119758949,0.9232547119758949
4491,-0.2532725688368145,0.7141193981346252,0.7141193981346252
4492,-0.9972803259938501,0.9813335668669629,0.9813335668669629
4493,-0.5760170712912236,0.10712502233230302,0.10712502233230302
4494,0.9193911384838083,0.40415849944615817,0.40415849944615817
4495,0.6434788919107335,0.0016371553883802147,0.0016371553883802147
4496,-0.05160589645259828,1.0217996761291384,1.0217996761291384
4497,0.24000186042983862,0.7819727347277265,0.7819727347277265
4498,0.31529448532154936,0.6461301666173758,0.6461301666173758
4499,-0.8767222286467211,0.28193091930573383,0.28193091930573383
4500,-0.9073206727571834,0.4583358901890601,0.4583358901890601
4501,-0.5947795493822281,0.0619426674481995,0.0619426674481995
4502,0.21097945096526338,0.8323203293440173,0.8323203293440173
4503,0.17858656809119955,0.862587083890709,0.862587083890709
4504,-0.27057719711017003,0.7299920773369468,0.7299920773369468
4505,-0.8372270220264206,0.21826473248642378,0.21826473248642378
4506,-0.3531593606091139,0.6286904399294478,0.6286904399294478
4507,-0.10814866879971463,0.9624091166533624,0.9624091166533624
4508,0.027167141085703506,0.9674334540102146,0.9674334540102146
4509,0.18674613254816275,0.9520786776511133,0.9520786776511133
4510,0.4961401343669143,0.17148058292708718,0.17148058292708718
4511,0.655005821255795,0.03490503277766903,0.03490503277766903
4512,0.1858740462426165,0.830034474591381,0.830034474591381
4513,0.3861380578210927,0.457806478747845,0.457806478747845
4514,-0.5181189669808843,0.2691085707125571,0.2691085707125571
4515,-0.2811396678823672,0.6688885598059555,0.6688885598059555
4516,-0.6562389313293935,0.05152993638448225,0.05152993638448225
4517,-0.04509284504834499,0.9398103440454415,0.9398103440454415
4518,0.13245411877227564,0.9103943931998288,0.9103943931998288
4519,-0.11638152259118395,0.9939946497168333,0.9939946497168333
4520,-0.21717009816586952,0.7094282471740866,0.7094282471740866
4521,-0.9906051809198892,0.9579088555386257,0.9579088555386257
4522,-0.37815815548993426,0.6060139213182103,0.6060139213182103
4523,-0.6409714772156501,-0.02325191004260633,-0.02325191004260633
4524,0.011484848537601344,1.0302382646511312,1.0302382646511312
4525,0.8316106384156801,0.11606824403252892,0.11606824403252892
4526,0.17624401492039476,0.7783571054515547,0.7783571054515547
4527,0.27341769191908516,0.6739047750077974,0.6739047750077974
4528,-0.9860058670281551,0.841184674124582,0.841184674124582
4529,-0.6838473641257337,0.046135482797488,0.046135482797488
4530,-0.46235407648639537,0.2991859880024783,0.2991859880024783
4531,-0.966345430202475,0.6983250832299421,0.6983250832299421
4532,0.4604796919082961,0.3892566730389667,0.3892566730389667
4533,0.8105171708131513,-0.02351794665989798,-0.02351794665989798
4534,-0.47571526215064863,0.36745707793733373,0.36745707793733373
4535,-0.9583313468734658,0.790622253544924,0.790622253544924
4536,0.7846711867356362,0.07512781248072752,0.07512781248072752
4537,-0.5423673613774085,0.2985512152756218,0.2985512152756218
4538,-0.32285557330468784,0.6388876178015793,0.6388876178015793
4539,-0.7382146740847009,0.020089420625310394,0.020089420625310394
4540,0.8714444550464058,0.288366344940646,0.288366344940646
4541,-0.4522966582199026,0.2352660671110766,0.2352660671110766
4542,-0.21931678706254454,0.8953482555626384,0.8953482555626384
4543,-0.5920254805705092,0.08893528088583899,0.08893528088583899
4544,-0.32138054949504036,0.7192957664643744,0.7192957664643744
4545,-0.5676774471053581,0.05209575739292911,0.05209575739292911
4546,0.49220794703536086,0.292655056191262,0.292655056191262
4547,0.7393782445948409,-0.03016279936270985,-0.03016279936270985
4548,-0.7668842775740674,0.037592006307566574,0.037592006307566574
4549,0.2934437355962727,0.7419212421691955,0.7419212421691955
4550,0.3477398555143414,0.5829833226119984,0.5829833226119984
4551,0.7408477526197454,-0.08839145777101533,-0.08839145777101533
4552,0.013876943907956019,0.9398267172475837,0.9398267172475837
4553,-0.6926124779424925,-0.008211209028991721,-0.008211209028991721
4554,-0.49210867490470833,0.2927929696383896,0.2927929696383896
4555,0.8553638299799728,0.2053043819321104,0.2053043819321104
4556,-0.21036448297460564,0.8850747126629688,0.8850747126629688
4557,0.9740802686041483,0.867716872232049,0.867716872232049
4558,0.2480580828963359,0.700644512285626,0.700644512285626
4559,-0.9051030249885834,0.3313754587309415,0.3313754587309415
4560,0.5839426572499731,0.11175992572115781,0.11175992572115781
4561,-0.19738213862057186,0.8898126404098522,0.8898126404098522
4562,-0.7255637289083023,-0.033369185469149076,-0.033369185469149076
4563,0.17542309792137178,0.8228241173917639,0.8228241173917639
4564,0.8345115924869453,0.1743225273933918,0.1743225273933918
4565,-0.5255484745933507,0.2558887943448459,0.2558887943448459
4566,-0.044654124862955946,0.9241733524926966,0.9241733524926966
4567,-0.37398703086626495,0.5740333585743664,0.5740333585743664
4568,-0.359866999685287,0.5125135166423725,0.5125135166423725
4569,0.6834563629767445,-0.03694283958444153,-0.03694283958444153
4570,-0.17379069413261505,0.8719780568843812,0.8719780568843812
4571,0.45192694063024264,0.4275437989271682,0.4275437989271682
4572,-0.7474279295511497,0.03968227539420327,0.03968227539420327
4573,-0.4940224899844512,0.1886679894540576,0.1886679894540576
4574,0.055402536069582675,1.0044041590728887,1.0044041590728887
4575,0.0517034958529472,1.0028153405571787,1.0028153405571787
4576,-0.6305430956813554,-0.014852916605299228,-0.014852916605299228
4577,0.7036577822020496,-0.06979223824855048,-0.06979223824855048
4578,-0.5114475565230483,0.2875807045712484,0.2875807045712484
4579,0.5029048329458539,0.2717188671882437,0.2717188671882437
4580,0.05489412517770087,0.9804005214725159,0.9804005214725159
4581,0.6442882363443598,0.06818998105755608,0.06818998105755608
4582,0.3593117354305415,0.6707638787776029,0.6707638787776029
4583,-0.5747326906782038,0.10426438175195128,0.10426438175195128
4584,-0.4452403385797188,0.4128481537555021,0.4128481537555021
4585,0.5020781069641196,0.19120042094452872,0.19120042094452872
4586,0.1516582438437677,0.9057659610692621,0.9057659610692621
4587,0.2904576550003599,0.6148131310240557,0.6148131310240557
4588,-0.15575236902112333,0.9169870768392222,0.9169870768392222
4589,0.44734756491846395,0.429580218647966,0.429580218647966
4590,0.5965273959905659,0.016452322535428415,0.016452322535428415
4591,0.42012374557897014,0.3759321483444331,0.3759321483444331
4592,-0.030373225507066115,1.0337164322602999,1.0337164322602999
4593,0.2872073341713577,0.5534772171426758,0.5534772171426758
4594,-0.7922456846307087,0.035674446675109696,0.035674446675109696
4595,0.8955823112389958,0.325041110661912,0.325041110661912
4596,-0.5692226119201318,0.15017186224085438,0.15017186224085438
4597,0.47702182755668554,0.2141218431685467,0.2141218431685467
4598,-0.6846360655027344,-0.03661064370972456,-0.03661064370972456
4599,0.44516593878144306,0.34684023651413576,0.34684023651413576
4600,0.8011778098724389,0.11271514743996357,0.11271514743996357
4601,0.6501681203139007,0.07819779568950991,0.07819779568950991
4602,0.4225346396498071,0.43400581575965275,0.43400581575965275
4603,-0.2566724640070106,0.7152118253090402,0.7152118253090402
4604,-0.27627066830273117,0.8163289101980024,0.8163289101980024
4605,-0.3142624035886097,0.6961182923913833,0.6961182923913833
4606,-0.9029447332575693,0.3919857678346047,0.3919857678346047
4607,-0.19390085146089242,0.9314527723324071,0.9314527723324071
4608,-0.5886378998257973,0.13201830562688352,0.13201830562688352
4609,0.8063494758754961,0.03641256398625278,0.03641256398625278
4610,-0.3601398044416737,0.554549790879072,0.554549790879072
4611,-0.31176080143623897,0.7121718809752361,0.7121718809752361
4612,-0.7838971486111603,0.014637097700828522,0.014637097700828522
4613,-0.9379018204236744,0.5206279785782891,0.5206279785782891
4614,0.6890530765467713,-0.12832904780209428,-0.12832904780209428
4615,-0.7924165186225436,0.056988808255424975,0.056988808255424975
4616,0.6791861423119454,0.022494971953209396,0.022494971953209396
4617,-0.7314517109874439,0.0297780259481208,0.0297780259481208
4618,0.8022423326889214,0.025061252724986008,0.025061252724986008
4619,0.820512705699554,0.12391189536546261,0.12391189536546261
4620,-0.8824400660334217,0.21198864098951348,0.21198864098951348
4621,0.5790852264042878,0.07406160947292428,0.07406160947292428
4622,0.40106133789507736,0.4566567308244623,0.4566567308244623
4623,-0.638696815791826,0.0613486992800085,0.0613486992800085
4624,0.7584170220846744,0.012461388710423165,0.012461388710423165
4625,0.3466008123809303,0.5616788646720775,0.5616788646720775
4626,0.9260537268514801,0.47129026947758634,0.47129026947758634
4627,-0.051447140276743575,0.9127552821071702,0.9127552821071702
4628,-0.5934552814147416,0.01951047455291094,0.01951047455291094
4629,0.10659131975978964,0.9366940126491492,0.9366940126491492
4630,0.060584143525573175,0.973796286211735,0.973796286211735
4631,-0.06423343360370448,0.9970963244428817,0.9970963244428817
4632,-0.11747968818581422,0.9883866053534288,0.9883866053534288
4633,-0.12206111481967397,0.9666703653744345,0.9666703653744345
4634,-0.9892132899429018,1.0081038510266018,1.0081038510266018
4635,0.15240047958799008,0.9317823334827067,0.9317823334827067
4636,-0.27685695450994263,0.735657181948125,0.735657181948125
4637,-0.026321435632662427,1.0688774338275797,1.0688774338275797
4638,0.5608989473006227,0.12690969904625168,0.12690969904625168
4639,-0.2336602773507681,0.8110068386042227,0.8110068386042227
4640,-0.22640096115982034,0.6955097894397484,0.6955097894397484
4641,-0.9367164868307458,0.564996235648566,0.564996235648566
4642,-0.38091676152526555,0.4832814919618947,0.4832814919618947
4643,-0.991661285274192,0.9400315920347636,0.9400315920347636
4644,0.1345355584476846,0.9339509813688553,0.9339509813688553
4645,-0.21014830766592407,0.7625340710969689,0.7625340710969689
4646,-0.9039624661231576,0.34567728094370015,0.34567728094370015
4647,-0.3936436709929729,0.43512996076260985,0.43512996076260985
4648,-0.17381581597231222,0.8395620052811845,0.8395620052811845
4649,0.018537284704131407,1.0296974964308814,1.0296974964308814
4650,0.3702530870233587,0.5897446114525283,0.5897446114525283
4651,-0.18605601156274187,0.902388898595653,0.902388898595653
4652,0.031698974700054894,1.010218198667459,1.010218198667459
4653,-0.2969875732134404,0.6274295383755503,0.6274295383755503
4654,-0.8902071838621635,0.2658595450311265,0.2658595450311265
4655,0.21300599878425985,0.7728119414609591,0.7728119414609591
4656,0.7705610489529582,0.07312933839192443,0.07312933839192443
4657,-0.7896689110665487,0.11267266920070612,0.11267266920070612
4658,-0.9879384235430801,0.8948753743049419,0.8948753743049419
4659,0.873125944173951,0.3290501767418934,0.3290501767418934
4660,-0.32128793170731895,0.6243916154139005,0.6243916154139005
4661,0.923362220326799,0.4671065473812137,0.4671065473812137
4662,-0.6770235044657775,0.038929969003109965,0.038929969003109965
4663,0.023520795152490725,1.0456523739832457,1.0456523739832457
4664,0.861941685661131,0.20372356836157773,0.20372356836157773
4665,-0.1691278783184722,0.9763102003289047,0.9763102003289047
4666,-0.36070633953192455,0.4650496932522604,0.4650496932522604
4667,-0.47640443428940027,0.29862042253845955,0.29862042253845955
4668,0.45512268994597616,0.25716387005713565,0.25716387005713565
4669,-0.8199402181610997,0.15102610870735303,0.15102610870735303
4670,0.5808314342408998,0.07617800955055953,0.07617800955055953
4671,-0.5475490250215174,0.23930404431037355,0.23930404431037355
4672,-0.4398228860867168,0.3393299548387325,0.3393299548387325
4673,-0.20720507906248842,0.8263343703458842,0.8263343703458842
4674,0.6763640163895737,0.08896261491351817,0.08896261491351817
4675,-0.15631064976996223,0.8918296416307361,0.8918296416307361
4676,-0.6410030052507429,-0.08916048662470108,-0.08916048662470108
4677,-0.09501681676409279,0.9443975163249482,0.9443975163249482
4678,-0.10630587843392036,1.019265290698975,1.019265290698975
4679,0.8115909392483376,0.10572939091244708,0.10572939091244708
4680,-0.9197052267660477,0.4152809702177142,0.4152809702177142
4681,-0.7465598323332385,0.029646532139179758,0.029646532139179758
4682,-0.9953773719373809,0.9074658637476964,0.9074658637476964
4683,0.19130212728755502,0.8834482662543129,0.8834482662543129
4684,-0.6588221355349737,0.04120011322229229,0.04120011322229229
4685,-0.24189047998925006,0.7447822011723539,0.7447822011723539
4686,0.09532108640134562,0.9649792845563379,0.9649792845563379
4687,-0.40105985704574243,0.4613835699081287,0.4613835699081287
4688,-0.7441197048790467,-0.09882849715899061,-0.09882849715899061
4689,-0.3496273733884234,0.5679560322500474,0.5679560322500474
4690,0.7763874431173377,0.05031023313717592,0.05031023313717592
4691,0.023402569872817525,0.9920167834813123,0.9920167834813123
4692,-0.7202403136178197,-0.03393112178808841,-0.03393112178808841
4693,-0.7914838824491088,0.023568288460389948,0.023568288460389948
4694,-0.23468896571163178,0.8367442218214561,0.8367442218214561
4695,-0.3648330308433989,0.5135216028736869,0.5135216028736869
4696,0.4809716281759808,0.28418828836280857,0.28418828836280857
4697,-0.46530390783840736,0.27329647073571484,0.27329647073571484
4698,0.9651704318026841,0.7552968752329385,0.7552968752329385
4699,-0.47339296265778597,0.25313994719458577,0.25313994719458577
4700,-0.7053476774178691,0.0031107402658455316,0.0031107402658455316
4701,0.13656169876064994,0.9431837723540724,0.9431837723540724
4702,-0.22984350832256895,0.8392210181582581,0.8392210181582581
4703,0.4040711757579394,0.4472741148351907,0.4472741148351907
4704,0.5179190463318504,0.1777532157475824,0.1777532157475824
4705,-0.5022405647408088,0.2687394923093238,0.2687394923093238
4706,-0.08287094639041248,0.8490433259308134,0.8490433259308134
4707,0.5569925413518626,0.16075562808285443,0.16075562808285443
4708,0.4518255971759155,0.3824976094692137,0.3824976094692137
4709,-0.6660367297101295,0.04171962464661314,0.04171962464661314
4710,-0.9825962073498378,0.8521162733262443,0.8521162733262443
4711,-0.897353022910873,0.30586950145352676,0.30586950145352676
4712,0.16415281914893431,0.9082593120852627,0.9082593120852627
4713,0.9147001155644601,0.478034758316004,0.478034758316004
4714,-0.36662580698558545,0.566596204804062,0.566596204804062
4715,-0.002281562158624739,1.0749982769377489,1.0749982769377489
4716,-0.13504144638064397,0.9072847540978866,0.9072847540978866
4717,-0.9447527030140574,0.5579814700202425,0.5579814700202425
4718,0.3883842383738336,0.5213058785013059,0.5213058785013059
4719,0.28363851407092566,0.7201931392030443,0.7201931392030443
4720,-0.7431191432545332,-0.005482109994944983,-0.005482109994944983
4721,-0.30392292826778156,0.6439515300624773,0.6439515300624773
4722,0.1454549814753563,0.9305207173542279,0.9305207173542279
4723,0.9890677854060907,0.8724307500498052,0.8724307500498052
4724,-0.5193141604469347,0.22368195256816234,0.22368195256816234
4725,-0.9792657963739206,0.8597616881645701,0.8597616881645701
4726,-0.4968053638429326,0.3274624682401548,0.3274624682401548
4727,0.35638847422768016,0.5038643565966269,0.5038643565966269
4728,0.03547360814346101,1.0247662814803034,1.0247662814803034
4729,0.9844735119605128,0.8969711503007426,0.8969711503007426
4730,-0.026216940483519968,1.0537972520356875,1.0537972520356875
4731,-0.19584092574645018,0.757645806102931,0.757645806102931
4732,0.5368819790058394,0.19583119458484613,0.19583119458484613
4733,0.7452059685709342,0.0165023577240124,0.0165023577240124
4734,0.9449619317127895,0.6072213183189115,0.6072213183189115
4735,-0.5459390834802051,0.22319473619803085,0.22319473619803085
4736,0.7962108529587204,0.021973998236060728,0.021973998236060728
4737,0.8629995256655139,0.24396463998050677,0.24396463998050677
4738,0.3843915948409422,0.6342446476917897,0.6342446476917897
4739,-0.8094581308322741,0.10574026530456478,0.10574026530456478
4740,-0.8597630341160956,0.17668050553271203,0.17668050553271203
4741,-0.9489627304858343,0.5689685066637782,0.5689685066637782
4742,0.016808579196962103,0.9640854865795844,0.9640854865795844
4743,-0.9833327374490164,0.9083171234186095,0.9083171234186095
4744,0.2543252522108699,0.7389775519082133,0.7389775519082133
4745,-0.8832060242476985,0.3089411723115741,0.3089411723115741
4746,0.7676354271833108,-0.06422511852677953,-0.06422511852677953
4747,0.4323994752951663,0.4328062003709034,0.4328062003709034
4748,-0.6776371688104839,0.0693125449318212,0.0693125449318212
4749,0.8538855914210017,0.20186372994202798,0.20186372994202798
4750,0.9805144950952775,0.8083379012297961,0.8083379012297961
4751,0.07772516382656725,0.9729651750662887,0.9729651750662887
4752,-0.17824600567733717,0.8545422679330882,0.8545422679330882
4753,-0.4312778872343275,0.3777353452486797,0.3777353452486797
4754,0.09606246777354444,0.8686759621994644,0.8686759621994644
4755,-0.7394884452649912,0.04198077602667162,0.04198077602667162
4756,-0.9601574062548814,0.6585309956225388,0.6585309956225388
4757,-0.6056495229852741,0.045986313153258324,0.045986313153258324
4758,0.7528050613212474,-0.010522642317673945,-0.010522642317673945
4759,-0.6261666816529856,0.0675757855624566,0.0675757855624566
4760,-0.7822534874260363,0.10012201291376974,0.10012201291376974
4761,0.07610905982728688,0.9780694916517072,0.9780694916517072
4762,0.12455445152108457,0.9460453328013373,0.9460453328013373
4763,0.966100601309523,0.7406606486629282,0.7406606486629282
4764,-0.8417373839797839,0.2214039947484066,0.2214039947484066
4765,0.13248620849842463,0.9258277178537591,0.9258277178537591
4766,0.9596391952664167,0.757171874809685,0.757171874809685
4767,-0.0878194917497932,0.9567279759378876,0.9567279759378876
4768,-0.8748413440333904,0.27364530423002925,0.27364530423002925
4769,-0.3303209141940795,0.5474811360940435,0.5474811360940435
4770,-0.8308782452463266,0.11219098287625412,0.11219098287625412
4771,0.9770839512400509,0.80575727559766,0.80575727559766
4772,0.8762768448225271,0.32143364614937747,0.32143364614937747
4773,-0.9534539724949391,0.5176565843993444,0.5176565843993444
4774,-0.09615331685848783,0.9831252640951268,0.9831252640951268
4775,-0.5408107239545226,0.23028615434959263,0.23028615434959263
4776,-0.5900904726166645,0.06696988468067494,0.06696988468067494
4777,0.2544274060576004,0.8001061688140794,0.8001061688140794
4778,-0.9855180120000842,0.9191045295885728,0.9191045295885728
4779,0.21481572799831916,0.7963785887299463,0.7963785887299463
4780,0.9868731107077169,0.885344507922065,0.885344507922065
4781,-0.3010991001796641,0.6197814764828025,0.6197814764828025
4782,0.5881321539170368,0.07733388503382181,0.07733388503382181
4783,0.09083104113217022,0.9710624543645507,0.9710624543645507
4784,-0.7539622626464415,-0.005789162074297256,-0.005789162074297256
4785,-0.6714398404078081,-0.011007128025063566,-0.011007128025063566
4786,0.41643700047569054,0.3961038467233687,0.3961038467233687
4787,0.411819673475496,0.46298108569934115,0.46298108569934115
4788,-0.42281443194361423,0.4203958513737849,0.4203958513737849
4789,0.7810894748222994,0.019631193467152374,0.019631193467152374
4790,-0.46839645621393466,0.3549087401406297,0.3549087401406297
4791,-0.07730699024118448,0.9820906050275096,0.9820906050275096
4792,0.7114252659678977,0.021864230936650166,0.021864230936650166
4793,-0.1371323755073477,0.9613433283184768,0.9613433283184768
4794,0.5548614381335275,0.1147268337860344,0.1147268337860344
4795,0.15603999222854115,0.9124487650159444,0.9124487650159444
4796,0.21679204972941157,0.9275117639020922,0.9275117639020922
4797,0.82396274547612,0.17834781692976218,0.17834781692976218
4798,0.37961268642559376,0.5124750440070515,0.5124750440070515
4799,-0.05027647699045734,1.0134469546903626,1.0134469546903626
4800,-0.6181481039388357,0.007211269500425228,0.007211269500425228
4801,-0.6083809742690687,0.1422524662977015,0.1422524662977015
4802,-0.831654911654327,0.18686128353735215,0.18686128353735215
4803,0.9716272428209025,0.7957436643227427,0.7957436643227427
4804,-0.5444032054897858,0.2223484219019769,0.2223484219019769
4805,-0.735239457187066,0.017942132838939154,0.017942132838939154
4806,0.608013328281364,0.0602050167929252,0.0602050167929252
4807,0.6086511174887561,0.1297877177779807,0.1297877177779807
4808,-0.19574395887205798,0.8342557831184964,0.8342557831184964
4809,0.08921102128529301,0.9241582516084763,0.9241582516084763
4810,0.8707261761102245,0.16362238323587958,0.16362238323587958
4811,0.04650836422365301,0.9942918593215561,0.9942918593215561
4812,-0.2580017826185963,0.7566575714085615,0.7566575714085615
4813,-0.6955273587116242,-0.06347405520799415,-0.06347405520799415
4814,0.2499716431008594,0.6874756042024855,0.6874756042024855
4815,0.23420965658134563,0.8311903171278268,0.8311903171278268
4816,0.7509576628842622,-0.023379391076931346,-0.023379391076931346
4817,0.49732509332880914,0.20475941141781562,0.20475941141781562
4818,0.9570648481901336,0.6131240849690273,0.6131240849690273
4819,-0.5565156929263355,0.19292536234328495,0.19292536234328495
4820,-0.38053229466858474,0.564056285028803,0.564056285028803
4821,-0.14928774851332083,0.9924524927577838,0.9924524927577838
4822,0.24918431883004577,0.79837773235794,0.79837773235794
4823,-0.3871580665878849,0.4995195318130196,0.4995195318130196
4824,0.9826289266704304,0.8199603500387816,0.8199603500387816
4825,0.7701850521016307,0.005374313362952205,0.005374313362952205
4826,0.6499472678137959,0.05940493229977509,0.05940493229977509
4827,-0.2887811708264616,0.6599936569806638,0.6599936569806638
4828,0.42373238814943814,0.3804370449999333,0.3804370449999333
4829,0.17419329123605354,0.7723011276939811,0.7723011276939811
4830,0.7190675481286195,0.038782366329926904,0.038782366329926904
4831,-0.8943160725611032,0.3546256163160601,0.3546256163160601
4832,0.6928263506401826,-0.046513988704866255,-0.046513988704866255
4833,-0.8068735426689322,0.1990750715288106,0.1990750715288106
4834,0.21861981519913143,0.8552503241987023,0.8552503241987023
4835,0.2231544653348272,0.809313408908112,0.809313408908112
4836,0.5446584489940136,0.12775593472065722,0.12775593472065722
4837,-0.35409725040599827,0.5734041550346167,0.5734041550346167
4838,-0.0419088536089669,0.986898114129016,0.986898114129016
4839,-0.5034108356115681,0.31531223748477005,0.31531223748477005
4840,0.39951590902093725,0.39492759875328554,0.39492759875328554
4841,-0.04245984852792328,0.9975214206494635,0.9975214206494635
4842,-0.17543639996783322,0.8528676342409839,0.8528676342409839
4843,-0.15212177462015997,0.9539539252392113,0.9539539252392113
4844,-0.43834692570601375,0.45511348309295935,0.45511348309295935
4845,0.5864408393756928,0.17859671306849567,0.17859671306849567
4846,-0.05817835733401,1.017113752716291,1.017113752716291
4847,0.5201303909254829,0.1933854758347332,0.1933854758347332
4848,-0.6338058501193362,0.04986559470739309,0.04986559470739309
4849,-0.46215308330230154,0.40211077586086724,0.40211077586086724
4850,-0.33099802137049483,0.589389321145701,0.589389321145701
4851,-0.17750153189194773,0.9329341116614501,0.9329341116614501
4852,-0.8373620335838667,0.18412922218097447,0.18412922218097447
4853,0.11306439537462021,0.9374014345906893,0.9374014345906893
4854,-0.7094501806755678,0.03750519785431507,0.03750519785431507
4855,0.9587462487452691,0.7087894466591819,0.7087894466591819
4856,0.25568997005222993,0.7150450917946352,0.7150450917946352
4857,0.574988656308753,0.06853476324657146,0.06853476324657146
4858,0.3585681350080805,0.6071216319729257,0.6071216319729257
4859,-0.025991211454124974,1.0432185346209428,1.0432185346209428
4860,-0.13269494520988734,0.9949966047469291,0.9949966047469291
4861,-0.045028277504931324,0.9722408236984049,0.9722408236984049
4862,-0.654119636888967,-0.04087911340711417,-0.04087911340711417
4863,0.803794169627464,0.09309065392992125,0.09309065392992125
4864,0.6309880127630656,0.06593823138614334,0.06593823138614334
4865,-0.5948046168482517,0.056519192906697664,0.056519192906697664
4866,0.09911357187514258,0.9236829421402988,0.9236829421402988
4867,0.3267210036754076,0.5892954997201966,0.5892954997201966
4868,-0.5045610921917709,0.19792896216348604,0.19792896216348604
4869,-0.094481680628685,0.9978272835746808,0.9978272835746808
4870,0.30987562806098734,0.7300823332275821,0.7300823332275821
4871,-0.12760433280904926,0.9067891398012756,0.9067891398012756
4872,-0.039153207803181544,1.0483011386322145,1.0483011386322145
4873,-0.7888183342434747,0.1251956423885775,0.1251956423885775
4874,0.6110120783151098,0.03329320120436602,0.03329320120436602
4875,0.13865675704685843,0.9307616594638777,0.9307616594638777
4876,-0.8220132092424925,0.1456668419647656,0.1456668419647656
4877,-0.7116475814121799,-0.09043586725446241,-0.09043586725446241
4878,0.24892031972886142,0.7590137816694291,0.7590137816694291
4879,0.9414797791472345,0.5737872205202116,0.5737872205202116
4880,0.8143952515181418,0.1123579924355804,0.1123579924355804
4881,-0.9187979890079707,0.5083718312113,0.5083718312113
4882,-0.27740367606562377,0.6033905991118007,0.6033905991118007
4883,0.7670382591925771,0.06909964682114049,0.06909964682114049
4884,0.8187106366174102,0.19568384553506085,0.19568384553506085
4885,0.41134427645288674,0.36973562810448235,0.36973562810448235
4886,-0.3339950664804725,0.5644754417144405,0.5644754417144405
4887,0.14350734631990303,0.9093479658275658,0.9093479658275658
4888,0.1978123298600587,0.9483804705755949,0.9483804705755949
4889,0.2092830148510616,0.8294843596708408,0.8294843596708408
4890,0.3789174914750011,0.5894954147319269,0.5894954147319269
4891,-0.014417449956245498,1.0470941645272431,1.0470941645272431
4892,0.5494322691744447,0.03529010890834511,0.03529010890834511
4893,-0.6224020245401498,0.028411212630812328,0.028411212630812328
4894,0.7402080004288951,-0.10088704764367346,-0.10088704764367346
4895,-0.28253121937925174,0.676878842242329,0.676878842242329
4896,0.3210656342872156,0.5423395630567704,0.5423395630567704
4897,0.35754615293368475,0.4887966542754442,0.4887966542754442
4898,-0.05927350414828991,1.0239557053226802,1.0239557053226802
4899,0.7899559586705174,0.11668919504670558,0.11668919504670558
4900,0.3529734112308489,0.5212175275696919,0.5212175275696919
4901,-0.9374531782334037,0.5163468703152679,0.5163468703152679
4902,-0.003620797307600565,0.9854604379570542,0.9854604379570542
4903,-0.7392862915708689,0.018393251018198234,0.018393251018198234
4904,-0.4656756204013477,0.2834044203888601,0.2834044203888601
4905,0.08068045576088556,1.0038085581253977,1.0038085581253977
4906,0.9262122073488377,0.5195019056351396,0.5195019056351396
4907,0.785886309658786,0.018831796089047573,0.018831796089047573
4908,0.9371514661903944,0.5679364579259488,0.5679364579259488
4909,0.03379847516593837,1.0246283178866948,1.0246283178866948
4910,-0.6484667985835384,-0.028636559145915386,-0.028636559145915386
4911,0.11673165946077169,1.0651430995845643,1.0651430995845643
4912,0.47765729387253786,0.3062055437811502,0.3062055437811502
4913,0.7667576592464957,0.06039206631656814,0.06039206631656814
4914,-0.9782645909251086,0.7950546956660156,0.7950546956660156
4915,-0.32835500110313065,0.6318476779481407,0.6318476779481407
4916,-0.4902346314931194,0.2969576146404786,0.2969576146404786
4917,0.6414096907152018,0.019949405413845385,0.019949405413845385
4918,0.9338496440886048,0.55347133016783,0.55347133016783
4919,-0.5690844373347259,0.06350533246614898,0.06350533246614898
4920,0.7612155097430331,0.1188713578304885,0.1188713578304885
4921,0.17525903852341118,0.9498187561944722,0.9498187561944722
4922,-0.9069628933433318,0.4223681930212616,0.4223681930212616
4923,-0.22731125821352016,0.7617265712332187,0.7617265712332187
4924,-0.17089342194873702,0.9298751080079457,0.9298751080079457
4925,0.7756737785455887,0.026994663055307046,0.026994663055307046
4926,0.924261152121288,0.5635752413635533,0.5635752413635533
4927,0.17143302297755714,0.886292961554957,0.886292961554957
4928,0.9648962904383729,0.6809495779548506,0.6809495779548506
4929,-0.7278248777581344,0.007906895322384953,0.007906895322384953
4930,-0.8678526267748132,0.2400352228101361,0.2400352228101361
4931,-0.19969522899682746,0.8428302803530195,0.8428302803530195
4932,-0.4928683305869661,0.27596287891956045,0.27596287891956045
4933,0.031343877584829816,0.9635949915447579,0.9635949915447579
4934,0.4331864065573283,0.3956611551521506,0.3956611551521506
4935,0.13578454206205448,0.9021457293812141,0.9021457293812141
4936,0.5954448661988274,0.09092351125084595,0.09092351125084595
4937,0.07698453841688413,0.9268333635494795,0.9268333635494795
4938,-0.8631755047111795,0.2942066329655674,0.2942066329655674
4939,-0.6023834745366949,0.058599244459512034,0.058599244459512034
4940,-0.6912054760123139,-0.07537423302325237,-0.07537423302325237
4941,-0.21485366357457125,0.817162922881669,0.817162922881669
4942,0.06960611139447881,0.9518816707938696,0.9518816707938696
4943,0.0760742359604003,0.988765187290945,0.988765187290945
4944,0.19523017619107397,0.8640512519407946,0.8640512519407946
4945,-0.6133454248273298,0.05348956816940797,0.05348956816940797
4946,0.790105116719362,0.12449176237018522,0.12449176237018522
4947,-0.30610765176938415,0.6254723480751295,0.6254723480751295
4948,-0.49776246257669254,0.3022310531317486,0.3022310531317486
4949,0.4357336002614227,0.37066729366981915,0.37066729366981915
4950,0.9333254792565535,0.5714486755710457,0.5714486755710457
4951,-0.6269126741902806,0.04302181650864144,0.04302181650864144
4952,0.499241506218173,0.31398553078268027,0.31398553078268027
4953,0.2625949303697068,0.8013244231406912,0.8013244231406912
4954,0.3662071001770164,0.6243594595432471,0.6243594595432471
4955,0.06231875372866025,0.9069986096200027,0.9069986096200027
4956,0.39583310334725574,0.4785048357298426,0.4785048357298426
4957,-0.9727899909848237,0.9039089862934963,0.9039089862934963
4958,-0.8371021119558311,0.11619240999708,0.11619240999708
4959,-0.007012167759305354,1.040564764474573,1.040564764474573
4960,-0.5453455735091182,0.11382616045189545,0.11382616045189545
4961,-0.7957304712565421,0.020335126876918845,0.020335126876918845
4962,0.7980822808926866,0.04445694578402379,0.04445694578402379
4963,-0.4003801495982957,0.4014600489235461,0.4014600489235461
4964,-0.5868855935259285,0.17154739545547681,0.17154739545547681
4965,0.3680797995036418,0.5710044082323695,0.5710044082323695
4966,0.07602779814268601,0.9482751926550079,0.9482751926550079
4967,0.3169518510575575,0.6381874328915732,0.6381874328915732
4968,-0.7822057509073002,-0.0011000692065340142,-0.0011000692065340142
4969,0.3103943593906957,0.6260174131019297,0.6260174131019297
4970,-0.9190536507818465,0.5580180074533097,0.5580180074533097
4971,-0.2748912340785832,0.7085120389389478,0.7085120389389478
4972,-0.12628323562577703,0.9356538275350423,0.9356538275350423
4973,0.15532345046109342,0.9109477946883247,0.9109477946883247
4974,-0.331372869200123,0.6322766584305562,0.6322766584305562
4975,0.3299199403406221,0.6024401377309274,0.6024401377309274
4976,0.7927905507553068,0.02649094304961671,0.02649094304961671
4977,0.6121337420393915,0.09697643578123338,0.09697643578123338
4978,0.31713074101078487,0.6394226021558014,0.6394226021558014
4979,-0.8350738695389752,0.15790627108324423,0.15790627108324423
4980,-0.5377642466131494,0.19665379580214035,0.19665379580214035
4981,-0.7198715541855416,-0.011103128325614758,-0.011103128325614758
4982,0.8026934275443409,0.04517258260530134,0.04517258260530134
4983,-0.5530100372631435,0.22298350936177375,0.22298350936177375
4984,-0.35882114916065144,0.590765928225221,0.590765928225221
4985,0.4642153418053403,0.28769584616321275,0.28769584616321275
4986,-0.9528328660479897,0.6861416441649645,0.6861416441649645
4987,-0.2561659442882138,0.7078474745802485,0.7078474745802485
4988,-0.5712110234476571,0.08167714207989976,0.08167714207989976
4989,0.9382374605690342,0.5504310109745877,0.5504310109745877
4990,0.5516069267157331,0.12401418338414398,0.12401418338414398
4991,0.5519693336285243,0.16113328789687256,0.16113328789687256
4992,-0.6875203579527593,-0.017430830398459243,-0.017430830398459243
4993,-0.20814725177728688,0.862733785217546,0.862733785217546
4994,0.223661736195637,0.7219504640874045,0.7219504640874045
4995,-0.9429961994323306,0.6336026690152631,0.6336026690152631
4996,0.4974510313141174,0.2509551306798195,0.2509551306798195
4997,0.6333919572837414,0.016701256438200494,0.016701256438200494
4998,-0.05386673005734921,1.0326802252330103,1.0326802252330103
4999,-0.9552284358848413,0.7159862039278514,0.7159862039278514
5000,0.9956496820913385,0.9274057364166148,0.9274057364166148
5001,0.002384478479644958,1.0433533173322849,1.0433533173322849
5002,-0.31101216931657083,0.6574033580168707,0.6574033580168707
5003,-0.8032938441265556,0.07966666131697381,0.07966666131697381
5004,0.6537769350462435,-0.008990361544235978,-0.008990361544235978
5005,0.10545210266920435,0.9389939541057174,0.9389939541057174
5006,-0.5303734709853545,0.256143513764616,0.256143513764616
5007,0.16309957138816578,0.8486535645973773,0.8486535645973773
5008,0.6617893305202609,0.039770913683614684,0.039770913683614684
5009,-0.7757490462227405,0.01846775499328654,0.01846775499328654
5010,0.014495546721738028,0.9865199257616232,0.9865199257616232
5011,-0.482739702998354,0.3594188264232799,0.3594188264232799
5012,0.4411818017226261,0.2978792151136264,0.2978792151136264
5013,-0.8272747961628302,0.17551321272839202,0.17551321272839202
5014,0.3435064489433197,0.5637408001383726,0.5637408001383726
5015,-0.8473766908619744,0.2303858184950348,0.2303858184950348
5016,0.0682020545766211,1.0097398774044462,1.0097398774044462
5017,0.11143104210104982,1.0302993586110314,1.0302993586110314
5018,-0.2213154837106679,0.7729429366218994,0.7729429366218994
5019,0.9049086664761474,0.45948610992369066,0.45948610992369066
5020,0.3968096202505964,0.4932199984223914,0.4932199984223914
5021,0.6775604854719883,0.020573534100644573,0.020573534100644573
5022,0.14016495610111424,0.9066394277185202,0.9066394277185202
5023,0.6902786577194617,0.016092433434080483,0.016092433434080483
5024,0.8391405849822171,0.21651140638417352,0.21651140638417352
5025,0.8286212793363243,0.07770990706997541,0.07770990706997541
5026,-0.7368609788117664,0.031197093462140384,0.031197093462140384
5027,-0.32574496259143104,0.5608863009258105,0.5608863009258105
5028,-0.09524492530174089,0.9659029816952576,0.9659029816952576
5029,-0.5332251300223663,0.20185336966316703,0.20185336966316703
5030,-0.6696695783077693,0.03522389821167722,0.03522389821167722
5031,0.9587626091292927,0.590812312450954,0.590812312450954
5032,-0.051149039044458,1.0245547684286385,1.0245547684286385
5033,-0.8345429188197302,0.1765829498709592,0.1765829498709592
5034,0.8811013440006119,0.33872593491169006,0.33872593491169006
5035,0.14692766802408475,0.9346211019282927,0.9346211019282927
5036,0.016419357771236598,0.9300499878437924,0.9300499878437924
5037,-0.03028230326357595,1.0404029990043795,1.0404029990043795
5038,-0.8418367170915493,0.17870717021927718,0.17870717021927718
5039,0.8873994391529993,0.3544838416684514,0.3544838416684514
5040,-0.7260735528762672,0.05495109554358976,0.05495109554358976
5041,-0.7662334807443003,0.0009153757412848039,0.0009153757412848039
5042,-0.3348704145775818,0.6306211478356918,0.6306211478356918
5043,0.05426880222666286,0.9369415315629361,0.9369415315629361
5044,0.9384911116059549,0.6323690803010857,0.6323690803010857
5045,0.31104772927609603,0.7123269468741894,0.7123269468741894
5046,0.5539879259595717,0.14711966409257307,0.14711966409257307
5047,-0.27815952786749,0.7089399110048442,0.7089399110048442
5048,0.9712316237518597,0.8246836878557997,0.8246836878557997
5049,0.6950517731460661,0.004522903358722881,0.004522903358722881
5050,-0.29294735971483354,0.6410983672138131,0.6410983672138131
5051,-0.9285457587513752,0.4238203821558365,0.4238203821558365
5052,-0.47587900111104875,0.1699637871613762,0.1699637871613762
5053,0.22582005669842764,0.7516325570532761,0.7516325570532761
5054,-0.5583978316993019,0.19246097920578387,0.19246097920578387
5055,-0.12843758657032578,0.946402229228026,0.946402229228026
5056,-0.0006329372525186727,0.9638609238749886,0.9638609238749886
5057,0.5285655396234468,0.17099589712073732,0.17099589712073732
5058,-0.776667618251687,0.0760393221837428,0.0760393221837428
5059,-0.3125901737176273,0.6301751011059058,0.6301751011059058
5060,-0.2334958563722811,0.7720124896204636,0.7720124896204636
5061,0.32343323601322127,0.6577694090578708,0.6577694090578708
5062,-0.5066130426019315,0.24869333011236777,0.24869333011236777
5063,0.9276357998556626,0.48648169499141236,0.48648169499141236
5064,0.8074857312261894,0.1313634052054005,0.1313634052054005
5065,0.2549235247946595,0.7267586922148108,0.7267586922148108
5066,-0.947441952583443,0.6917949702397891,0.6917949702397891
5067,-0.21540238691913904,0.8468668088893572,0.8468668088893572
5068,0.25390914185926894,0.7007485910198761,0.7007485910198761
5069,0.5499043213793273,0.19207150818595572,0.19207150818595572
5070,0.18180768490301125,0.8318370364287329,0.8318370364287329
5071,-0.8138435046804442,0.031843290515297634,0.031843290515297634
5072,-0.010600954747282065,1.0115662151868892,1.0115662151868892
5073,-0.18766281307491983,0.8921957376418329,0.8921957376418329
5074,-0.8268642589474466,0.16125708203983863,0.16125708203983863
5075,-0.5416142775398824,0.18757741652029838,0.18757741652029838
5076,0.09725770485441054,0.9496541402417915,0.9496541402417915
5077,-0.2755405600501053,0.6854121375181373,0.6854121375181373
5078,0.4736920952878869,0.3264276780845728,0.3264276780845728
5079,-0.6380607834248073,0.005110768941931923,0.005110768941931923
5080,0.009405266352632724,1.0345122209699769,1.0345122209699769
5081,-0.8746370425160173,0.37978231308096244,0.37978231308096244
5082,0.6756290799617464,0.06769551462928623,0.06769551462928623
5083,-0.31829393375310633,0.6785988379611033,0.6785988379611033
5084,-0.604685788950122,0.13772717420977082,0.13772717420977082
5085,-0.2299858971352824,0.81866381039273,0.81866381039273
5086,-0.7186310347676925,0.013160437963637337,0.013160437963637337
5087,-0.892943331082706,0.3282883351131483,0.3282883351131483
5088,0.28952344801172303,0.6608062418578496,0.6608062418578496
5089,-0.13266198421051767,0.8982051128621101,0.8982051128621101
5090,0.8154685925387275,0.0009463766818461755,0.0009463766818461755
5091,-0.3432900592692272,0.5360373301347898,0.5360373301347898
5092,-0.3422064844199133,0.6349271238310361,0.6349271238310361
5093,-0.4836552809360093,0.24719392407894614,0.24719392407894614
5094,-0.31300358657526095,0.6357161569191581,0.6357161569191581
5095,-0.607729815751278,0.1599222051344082,0.1599222051344082
5096,0.21607418505870446,0.7790403946876918,0.7790403946876918
5097,-0.2306923708387525,0.7984451816919017,0.7984451816919017
5098,0.9806231588525283,0.8728602950946545,0.8728602950946545
5099,0.15027427528631465,0.9082263484488261,0.9082263484488261
5100,0.7138928355905649,0.009828868550968059,0.009828868550968059
5101,-0.026107933305104192,1.0558573497511992,1.0558573497511992
5102,-0.01982927533905743,0.9563322166447665,0.9563322166447665
5103,-0.7786831360011297,0.03305200091059161,0.03305200091059161
5104,-0.782716907625782,0.04784033574855002,0.04784033574855002
5105,-0.3432020115434917,0.44964440589852583,0.44964440589852583
5106,0.31838936535114204,0.7504289168701512,0.7504289168701512
5107,-0.3859272770783455,0.5498031952442588,0.5498031952442588
5108,0.556270939505308,0.10019856978416572,0.10019856978416572
5109,0.41424803287208745,0.42754243221851324,0.42754243221851324
5110,0.19866587358330468,0.8352165043781823,0.8352165043781823
5111,0.3501704269678543,0.5910320175500278,0.5910320175500278
5112,-0.29211134831860885,0.6902193030147264,0.6902193030147264
5113,0.1130779208940722,0.9212561192424927,0.9212561192424927
5114,0.4485578882677792,0.3345858366965917,0.3345858366965917
5115,0.07416508739439354,1.0367096584056066,1.0367096584056066
5116,0.668962673292379,0.0013483194943175875,0.0013483194943175875
5117,0.7558481501042453,-0.0122972891029253,-0.0122972891029253
5118,-0.18956131474066118,0.8292394071938308,0.8292394071938308
5119,-0.044043350003458936,1.049525773341092,1.049525773341092
5120,-0.49638557744106837,0.22451617489111747,0.22451617489111747
5121,0.8587139278217799,0.25172039326810225,0.25172039326810225
5122,-0.7145948782426277,0.04040439139566729,0.04040439139566729
5123,0.7530373207688517,-0.02872241539426569,-0.02872241539426569
5124,0.8642295092847341,0.24613538705150118,0.24613538705150118
5125,-0.3757886577970122,0.5026743922816329,0.5026743922816329
5126,-0.7179631786132636,0.051640709969397604,0.051640709969397604
5127,0.5655003213000702,0.038133571597620625,0.038133571597620625
5128,0.008576613161532132,0.9885539155910195,0.9885539155910195
5129,-0.26849548768996034,0.6708457047776959,0.6708457047776959
5130,-0.5352003425517597,0.21085656867671024,0.21085656867671024
5131,-0.7263799336527288,-0.057802367147491575,-0.057802367147491575
5132,0.5819842672520139,0.06058969628394068,0.06058969628394068
5133,-0.8303044437927896,0.10336452450476416,0.10336452450476416
5134,-0.6832637304219,0.03056520774257299,0.03056520774257299
5135,0.6126477000116617,0.07938596816075388,0.07938596816075388
5136,0.5215363375128963,0.11410929208807455,0.11410929208807455
5137,-0.5960991354982754,0.15040691145672946,0.15040691145672946
5138,0.533672717697159,0.12380618582883056,0.12380618582883056
5139,0.632973589556173,0.03175681613130681,0.03175681613130681
5140,-0.8645887272196113,0.18605268537093256,0.18605268537093256
5141,0.014872987883612021,0.9652378841371168,0.9652378841371168
5142,0.04110845268158769,0.9408549779675305,0.9408549779675305
5143,-0.11282138744445014,1.0613830694719546,1.0613830694719546
5144,0.9149870707703267,0.578299464529675,0.578299464529675
5145,-0.41336220899149345,0.37768756976211965,0.37768756976211965
5146,0.4934368014652155,0.29888265100909567,0.29888265100909567
5147,-0.825946787104149,0.14932219567253868,0.14932219567253868
5148,0.10486319761075902,0.899989921706309,0.899989921706309
5149,-0.4564211443489883,0.32583929694917446,0.32583929694917446
5150,0.03605867305769239,0.9583685014275213,0.9583685014275213
5151,0.6558271314134154,-0.046664746271216855,-0.046664746271216855
5152,0.7841691481002966,0.11359673832345522,0.11359673832345522
5153,0.11497025434421859,0.9515541244303641,0.9515541244303641
5154,-0.6152947787527754,-0.0054777561694736646,-0.0054777561694736646
5155,0.38697183877114116,0.42456408265758405,0.42456408265758405
5156,0.27583318726616035,0.7710271445440486,0.7710271445440486
5157,0.4173735840839876,0.4824895045695975,0.4824895045695975
5158,-0.7357508178409351,-0.028551929823111458,-0.028551929823111458
5159,0.3776268093332389,0.5301434154921989,0.5301434154921989
5160,-0.07527673419717162,0.9041976275570074,0.9041976275570074
5161,0.6394661257453909,0.03774260116970882,0.03774260116970882
5162,-0.6803323760544218,0.053436290151400175,0.053436290151400175
5163,0.8044377124832895,0.19100558331800555,0.19100558331800555
5164,-0.6250039287279896,0.05490290225960338,0.05490290225960338
5165,0.9012641026805677,0.33799727026657705,0.33799727026657705
5166,-0.18993733866648155,0.887782986664929,0.887782986664929
5167,-0.4481777794456725,0.3756953548227039,0.3756953548227039
5168,-0.4882768908090014,0.23138373530631612,0.23138373530631612
5169,-0.6556284627700735,0.026760212828306,0.026760212828306
5170,-0.2992163701513155,0.7007225387534277,0.7007225387534277
5171,0.7610698711972632,-0.022618954819350577,-0.022618954819350577
5172,-0.8192961391332347,0.1304269440242479,0.1304269440242479
5173,0.8344666333565447,0.12996117732002893,0.12996117732002893
5174,-0.5541461930965108,0.15282927659898315,0.15282927659898315
5175,0.10609036505504088,0.810926692888879,0.810926692888879
5176,-0.687823178530351,-0.048262690140271534,-0.048262690140271534
5177,0.9739027770020039,0.7450452987414843,0.7450452987414843
5178,-0.6972431870130009,-0.07356520933595584,-0.07356520933595584
5179,-0.5690386173551227,0.2085885493957993,0.2085885493957993
5180,-0.07118538668429042,0.8552436125275219,0.8552436125275219
5181,-0.3513132721477523,0.518684112120199,0.518684112120199
5182,0.5554253357099153,0.08259801992822109,0.08259801992822109
5183,0.8611300431435482,0.3284836130864919,0.3284836130864919
5184,-0.20178606374405494,0.7944548926014068,0.7944548926014068
5185,0.25896605535442685,0.8135788051259367,0.8135788051259367
5186,0.6282600208508375,0.028400863764071676,0.028400863764071676
5187,0.0035544782239376183,1.0378222698807733,1.0378222698807733
5188,0.5052278118755187,0.23396055064179586,0.23396055064179586
5189,0.07715994857399333,1.031083314546771,1.031083314546771
5190,-0.904919809282118,0.5554785078047093,0.5554785078047093
5191,0.5002048102978545,0.2728871255354405,0.2728871255354405
5192,0.87911625174658,0.40512291472215634,0.40512291472215634
5193,0.8488494463397203,0.23288174380795038,0.23288174380795038
5194,-0.36441882726390395,0.5671011346617555,0.5671011346617555
5195,0.8106398868753477,0.10652249673568259,0.10652249673568259
5196,0.6873377636387383,0.0021265005616447384,0.0021265005616447384
5197,0.1621329108391285,0.902780698199803,0.902780698199803
5198,0.4018089160910925,0.4456778486353896,0.4456778486353896
5199,-0.4893437049995908,0.27175425765560346,0.27175425765560346
5200,-0.4931544251877378,0.3172331096666414,0.3172331096666414
5201,0.6614081015334161,0.09832334900440709,0.09832334900440709
5202,0.07597699126500679,0.9653339757332432,0.9653339757332432
5203,0.9427289099834022,0.5475240949563086,0.5475240949563086
5204,0.5632610353738439,0.10979987716941388,0.10979987716941388
5205,-0.15412152290001724,0.8406064615171728,0.8406064615171728
5206,0.505345518658386,0.2556713316807768,0.2556713316807768
5207,0.5612103118988752,0.1967999412069798,0.1967999412069798
5208,-0.23535330581998393,0.8155073501481888,0.8155073501481888
5209,0.3431038261507704,0.47491402893813217,0.47491402893813217
5210,0.039741177525583815,1.0258077347944585,1.0258077347944585
5211,0.7459354429570626,-0.043200447992645864,-0.043200447992645864
5212,0.2980804699409729,0.6346473992605447,0.6346473992605447
5213,0.08388984383625453,0.9180294934055593,0.9180294934055593
5214,0.28200375799532296,0.6906900261603127,0.6906900261603127
5215,0.2210190393827205,0.8942222568045708,0.8942222568045708
5216,0.4639110685020418,0.415650397130214,0.415650397130214
5217,0.5986848288264888,0.1796137699942552,0.1796137699942552
5218,0.57860544592511,0.1367602698594716,0.1367602698594716
5219,0.8300181328936482,0.1927880933501559,0.1927880933501559
5220,-0.3676987893403556,0.5027114728501856,0.5027114728501856
5221,0.6780320125023427,-0.009665361163298808,-0.009665361163298808
5222,-0.28413600666435146,0.6715259721130182,0.6715259721130182
5223,-0.39982698533759287,0.5344072144783977,0.5344072144783977
5224,-0.8431507027167868,0.23272893156484137,0.23272893156484137
5225,-0.328137827239686,0.6463896675377532,0.6463896675377532
5226,0.9571150416247243,0.6976506026087448,0.6976506026087448
5227,0.3396909268610495,0.5834846624801077,0.5834846624801077
5228,0.3512232006578897,0.5243578632487449,0.5243578632487449
5229,0.5877283352838825,0.1844532513922406,0.1844532513922406
5230,0.45684831935402537,0.4276670222369305,0.4276670222369305
5231,0.5063739519281389,0.20745010915694595,0.20745010915694595
5232,-0.39229288189918066,0.4338956508922345,0.4338956508922345
5233,-0.036396063603981954,0.9447997847261486,0.9447997847261486
5234,-0.40174601757980777,0.422270032583202,0.422270032583202
5235,0.628632442034633,0.04485266564826297,0.04485266564826297
5236,-0.9548369100090399,0.5926581703042987,0.5926581703042987
5237,0.7100315910862329,0.02156479816322851,0.02156479816322851
5238,0.2878646330148862,0.6299177587348572,0.6299177587348572
5239,0.9507223878308593,0.6914724044324861,0.6914724044324861
5240,-0.064301094183292,0.9487040142906812,0.9487040142906812
5241,-0.3833824317650343,0.5138848963720885,0.5138848963720885
5242,0.8184243767706993,0.10631504354334445,0.10631504354334445
5243,-0.9365954417249567,0.6138416523083603,0.6138416523083603
5244,0.04186272657161716,0.9461904321155181,0.9461904321155181
5245,0.9828486575355477,0.8156918606433149,0.8156918606433149
5246,0.5836968202362467,0.12118432241511297,0.12118432241511297
5247,-0.43356572228141754,0.4304183011225332,0.4304183011225332
5248,-0.04786736202570241,1.0030546832987772,1.0030546832987772
5249,0.14573915294598927,0.9354217287315909,0.9354217287315909
5250,-0.38333173410846366,0.4174508944253225,0.4174508944253225
5251,-0.2982408936162637,0.6434733059321246,0.6434733059321246
5252,-0.1633284168116913,0.9148677852295819,0.9148677852295819
5253,-0.5766749171539995,0.1517946843631027,0.1517946843631027
5254,0.7769883567081919,0.013289818902375832,0.013289818902375832
5255,-0.5173313828633761,0.1694372071446092,0.1694372071446092
5256,0.7505706161549137,-0.02449782980212735,-0.02449782980212735
5257,-0.4364457029128048,0.3547511404591961,0.3547511404591961
5258,0.6148092158020042,0.08278549590938615,0.08278549590938615
5259,0.9531017115298512,0.7089784767583389,0.7089784767583389
5260,0.6454624778755793,0.07264606938180819,0.07264606938180819
5261,0.7173419306533173,0.0312956483700591,0.0312956483700591
5262,-0.9379747401390914,0.6110485098806483,0.6110485098806483
5263,-0.5512481870073709,0.18224690641549052,0.18224690641549052
5264,0.45577645960523827,0.3537388998973838,0.3537388998973838
5265,-0.9218174844819216,0.46506947855548214,0.46506947855548214
5266,-0.8972039499634425,0.33934508905646643,0.33934508905646643
5267,0.7471660027257252,-0.007632448191629199,-0.007632448191629199
5268,0.052012458530335426,0.9728282261445776,0.9728282261445776
5269,-0.8887676915387364,0.2379998283354342,0.2379998283354342
5270,0.11441877022628022,0.9638861784379706,0.9638861784379706
5271,-0.5806806785968388,0.11053327377815696,0.11053327377815696
5272,0.7828645748699463,0.11557347498696126,0.11557347498696126
5273,-0.9760244552447455,0.8076410554557375,0.8076410554557375
5274,-0.6071981797087826,0.053520567986747467,0.053520567986747467
5275,0.9799943977040868,0.8419637052457675,0.8419637052457675
5276,-0.10324030975913101,0.9306149924068101,0.9306149924068101
5277,0.6976164977809247,-0.0362847752423684,-0.0362847752423684
5278,-0.2663707072871653,0.7242155337696837,0.7242155337696837
5279,0.7962074433393154,0.11417209171916118,0.11417209171916118
5280,0.24846555008165372,0.7229688043059754,0.7229688043059754
5281,0.17147979524759682,0.8291503340749117,0.8291503340749117
5282,0.1239479745934835,1.010946525319986,1.010946525319986
5283,0.9669007800574945,0.726361619303397,0.726361619303397
5284,0.8235054252823157,0.13199987823863213,0.13199987823863213
5285,-0.18136088098007153,0.8030650232735388,0.8030650232735388
5286,-0.9492498199356012,0.69113301073579,0.69113301073579
5287,-0.7699951951082111,0.05723200645045847,0.05723200645045847
5288,-0.701951781064992,-0.009068083448607614,-0.009068083448607614
5289,0.42355859444591903,0.4892546065780473,0.4892546065780473
5290,0.9341755973904904,0.5369614280131746,0.5369614280131746
5291,0.8861688083984667,0.31061562517172764,0.31061562517172764
5292,0.8329808200397728,0.1636461109412968,0.1636461109412968
5293,-0.32041700755606484,0.5982829362223812,0.5982829362223812
5294,-0.7082044919600823,0.017662176804355174,0.017662176804355174
5295,-0.909428770757839,0.42832529023567817,0.42832529023567817
5296,0.7023563462898841,0.020297569632487054,0.020297569632487054
5297,-0.9579670912345406,0.7479174954631993,0.7479174954631993
5298,-0.877968719117582,0.264508314691099,0.264508314691099
5299,-0.9977621808714399,1.039830965384731,1.039830965384731
5300,0.2746914804129792,0.6714539455167486,0.6714539455167486
5301,-0.4472921554657383,0.4182644484633321,0.4182644484633321
5302,0.7223374951842192,-0.06478088320380598,-0.06478088320380598
5303,-0.7371049857806335,-0.00790517095294534,-0.00790517095294534
5304,0.6258799196149787,0.06677052128525565,0.06677052128525565
5305,0.9601868934144446,0.7616043871916491,0.7616043871916491
5306,-0.9549265235592488,0.6925041187495896,0.6925041187495896
5307,-0.4296985184296962,0.4118997026275492,0.4118997026275492
5308,-0.03184984905027188,1.0247006920242359,1.0247006920242359
5309,0.14724821789838916,0.8949380285228441,0.8949380285228441
5310,0.5412676536710452,0.14029252103733483,0.14029252103733483
5311,-0.9400758008831607,0.5760869723110067,0.5760869723110067
5312,0.8447016121740789,0.1999677299876182,0.1999677299876182
5313,0.6570555321631772,-0.012768530340536138,-0.012768530340536138
5314,-0.7735142445078587,0.05818431286851226,0.05818431286851226
5315,-0.22203159875085432,0.8557204675532024,0.8557204675532024
5316,0.24540353411323523,0.7869160986117167,0.7869160986117167
5317,-0.49377304525909094,0.3568087579967311,0.3568087579967311
5318,-0.2410028309992036,0.7722086420226126,0.7722086420226126
5319,0.02092412587699677,1.0315027232777596,1.0315027232777596
5320,0.992311594461742,0.9728382864353633,0.9728382864353633
5321,0.9945797133866783,0.9129924037967226,0.9129924037967226
5322,0.3195630288898117,0.5748109063746252,0.5748109063746252
5323,-0.5567731347380127,0.13779256088903036,0.13779256088903036
5324,0.09206858969638487,0.8426986058696166,0.8426986058696166
5325,0.8502612734929906,0.15149779977404887,0.15149779977404887
5326,0.3086656362882283,0.6013624189303639,0.6013624189303639
5327,-0.18419141267621897,0.9031387350648203,0.9031387350648203
5328,0.7468028618664124,0.09493567217111676,0.09493567217111676
5329,-0.05933439615773661,1.0088336586628808,1.0088336586628808
5330,-0.3975783133070494,0.47151834354852634,0.47151834354852634
5331,-0.1420002258855535,0.8583284681204075,0.8583284681204075
5332,0.8456901388565456,0.22713399860330433,0.22713399860330433
5333,0.2563523546571862,0.767482238166239,0.767482238166239
5334,0.5529823786739241,0.16318445570038378,0.16318445570038378
5335,0.21484698898240562,0.778300687286693,0.778300687286693
5336,-0.6982538676675671,0.079671713001707,0.079671713001707
5337,0.6842933045213409,-0.06288124240942855,-0.06288124240942855
5338,0.6153636743989535,0.072537614905801,0.072537614905801
5339,0.28800342250464306,0.5979742184484091,0.5979742184484091
5340,-0.42427227894813346,0.40438514676554316,0.40438514676554316
5341,-0.055754499064554874,0.9811963009367366,0.9811963009367366
5342,0.9523659209980051,0.5884262024041238,0.5884262024041238
5343,-0.6482644768197612,0.0410636318365763,0.0410636318365763
5344,-0.6027185690741814,0.10166364843744594,0.10166364843744594
5345,-0.4146602569578244,0.5158072359534424,0.5158072359534424
5346,0.7733014586556546,0.055104054309270734,0.055104054309270734
5347,0.717608133568088,0.06704187968569486,0.06704187968569486
5348,0.0015426659449779834,1.0007367959703433,1.0007367959703433
5349,-0.962600680527061,0.7332935831713779,0.7332935831713779
5350,-0.19275077365760374,0.7943184537165456,0.7943184537165456
5351,0.8719791232599692,0.2522603727124594,0.2522603727124594
5352,-0.17704826633113968,0.8639946298863329,0.8639946298863329
5353,-0.3660234993654652,0.49246000984891947,0.49246000984891947
5354,0.16143629657011327,0.8419264745154055,0.8419264745154055
5355,0.5214060093280668,0.17933872525689512,0.17933872525689512
5356,-0.51619507671567,0.18542511048936675,0.18542511048936675
5357,-0.0046176577763323845,0.9352608322196436,0.9352608322196436
5358,-0.055341417647242874,0.9151037335429284,0.9151037335429284
5359,0.8990596539840585,0.39240932334157685,0.39240932334157685
5360,-0.748993042706928,0.0752206155444653,0.0752206155444653
5361,0.4318172692782116,0.40777273588618085,0.40777273588618085
5362,-0.5024570716124472,0.24406058112560278,0.24406058112560278
5363,0.6615291405611259,-0.036713116638291146,-0.036713116638291146
5364,-0.30365613328835916,0.668976265800586,0.668976265800586
5365,0.3829583265940941,0.521771480509274,0.521771480509274
5366,0.8239290158426764,0.15203908409738737,0.15203908409738737
5367,0.5839677982631333,0.13831443450413922,0.13831443450413922
5368,0.5972928204651711,0.07811823257398394,0.07811823257398394
5369,-0.45936421318183096,0.29856892492505155,0.29856892492505155
5370,-0.1947047634544421,0.8562344844662721,0.8562344844662721
5371,0.9814250299974911,0.852484770174752,0.852484770174752
5372,0.8768706658876924,0.2498081026881896,0.2498081026881896
5373,-0.7246065758033347,0.06251447744455471,0.06251447744455471
5374,-0.05286341800654326,1.1166537796773863,1.1166537796773863
5375,-0.34845548442687635,0.5703676314147793,0.5703676314147793
5376,-0.10880098472846123,0.9639513534643251,0.9639513534643251
5377,-0.8694760888988065,0.26232969935767175,0.26232969935767175
5378,-0.749755255661749,0.0574643663482039,0.0574643663482039
5379,-0.04491514138143282,0.9904597485409645,0.9904597485409645
5380,0.0585349020294339,0.9627188290763519,0.9627188290763519
5381,-0.497848997272335,0.23419905899323135,0.23419905899323135
5382,0.8005944371618201,0.14218003882619262,0.14218003882619262
5383,0.8995297722900961,0.3581117188683019,0.3581117188683019
5384,-0.20389088787455223,0.8420848287283949,0.8420848287283949
5385,0.23756409866508177,0.8310906124498405,0.8310906124498405
5386,0.0510868418301631,0.9275739142503014,0.9275739142503014
5387,-0.1305171505247651,1.035128226102123,1.035128226102123
5388,0.5297881066755228,0.2513870772827902,0.2513870772827902
5389,-0.9200885823841365,0.540079546084203,0.540079546084203
5390,0.25132799991338883,0.7314719413977147,0.7314719413977147
5391,0.2785158562175982,0.7359793986035311,0.7359793986035311
5392,0.5802492142957352,0.043488314121060176,0.043488314121060176
5393,0.09999846943106605,0.9373227526647496,0.9373227526647496
5394,-0.17148497317628042,0.8851463512218124,0.8851463512218124
5395,0.003873511429952181,1.0374901989422112,1.0374901989422112
5396,0.7747459779814987,0.021345294156582706,0.021345294156582706
5397,0.47899277121984674,0.2423130715086141,0.2423130715086141
5398,-0.26925924882958774,0.8106636408445366,0.8106636408445366
5399,0.9138734133939368,0.43906974547172123,0.43906974547172123
5400,0.06892428324748989,0.8787707869658005,0.8787707869658005
5401,-0.3368210842304431,0.5798905202951234,0.5798905202951234
5402,-0.7450873135107738,0.04973709103635468,0.04973709103635468
5403,0.9735167361672057,0.7963566101457995,0.7963566101457995
5404,-0.15484268473466267,0.8637664163500383,0.8637664163500383
5405,0.04399513419534262,0.8690195628390881,0.8690195628390881
5406,0.9203655251529486,0.5557162586795815,0.5557162586795815
5407,0.6951384415213087,0.023118888485567084,0.023118888485567084
5408,-0.12941800731813302,0.9997679093683989,0.9997679093683989
5409,0.08564355120448108,0.9932307803339581,0.9932307803339581
5410,0.9344551945778059,0.5260601353310113,0.5260601353310113
5411,-0.777349243456311,0.01811146160604183,0.01811146160604183
5412,-0.33706293767869,0.5487784191549677,0.5487784191549677
5413,0.9811773794024425,0.9092334224377212,0.9092334224377212
5414,0.08376475134571337,0.9208182553289159,0.9208182553289159
5415,-0.8267964324535315,0.15275294609281365,0.15275294609281365
5416,-0.7542246663946979,-0.030088705957050633,-0.030088705957050633
5417,-0.5008478754491335,0.2006599588966679,0.2006599588966679
5418,0.8161084707190951,0.14200108691833516,0.14200108691833516
5419,-0.003030704805397466,0.9660754174446526,0.9660754174446526
5420,-0.09845428180802962,0.9867224603011036,0.9867224603011036
5421,0.8662060610046636,0.14688524021310811,0.14688524021310811
5422,-0.7653716068517886,0.05029103032844178,0.05029103032844178
5423,-0.6119498506622207,0.12500934235606964,0.12500934235606964
5424,-0.46226216906815853,0.2655491765495591,0.2655491765495591
5425,-0.963727284314212,0.7579897257940333,0.7579897257940333
5426,-0.7079418182388826,-0.028643075917448885,-0.028643075917448885
5427,0.3740692675282664,0.5513919958303855,0.5513919958303855
5428,-0.873386821443306,0.33041897236891354,0.33041897236891354
5429,0.26506824746953717,0.7808346702625119,0.7808346702625119
5430,-0.7528101899347295,-0.06524576986773571,-0.06524576986773571
5431,-0.9158275048019979,0.517533918966342,0.517533918966342
5432,0.41201844022203216,0.4010658270633834,0.4010658270633834
5433,-0.6638128951046363,-0.01896680922448874,-0.01896680922448874
5434,-0.9834833174259814,0.8439803815444938,0.8439803815444938
5435,0.4629667485097475,0.43749441857129323,0.43749441857129323
5436,-0.6789228663174367,-0.014295873867886048,-0.014295873867886048
5437,-0.014523049586303793,0.9610578459236978,0.9610578459236978
5438,0.6320164512163646,-0.020768021131701078,-0.020768021131701078
5439,-0.3127215559965477,0.625108854804777,0.625108854804777
5440,0.46900810898882317,0.28390055719136686,0.28390055719136686
5441,-0.9559854203572316,0.6546896496608292,0.6546896496608292
5442,0.8328431619718184,0.12683951318495781,0.12683951318495781
5443,0.378688216058805,0.5469342890438665,0.5469342890438665
5444,0.9755134696928036,0.7776893654153273,0.7776893654153273
5445,-0.41467173544019986,0.42423010669751415,0.42423010669751415
5446,-0.6556141444583092,0.02615058840663305,0.02615058840663305
5447,-0.7654025053714806,0.09000826232729975,0.09000826232729975
5448,-0.8312561493552242,0.14514347295715746,0.14514347295715746
5449,-0.5687737574214655,0.06657957978914587,0.06657957978914587
5450,-0.8325679827503769,0.1304814542576514,0.1304814542576514
5451,-0.7097389684412179,-0.028564635771648725,-0.028564635771648725
5452,0.24927863615915635,0.7470133390444419,0.7470133390444419
5453,0.5319183220975223,0.10402623424118634,0.10402623424118634
5454,-0.9843108133843625,0.8801361475088981,0.8801361475088981
5455,-0.8218726002315222,0.03838935649916607,0.03838935649916607
5456,-0.7920971069358809,0.04082973895440487,0.04082973895440487
5457,0.9842367577653772,0.9255997395342472,0.9255997395342472
5458,-0.9098283312850375,0.4764216493400948,0.4764216493400948
5459,-0.7524693449224826,-0.017392991743150954,-0.017392991743150954
5460,-0.9092746569910226,0.4569178381931634,0.4569178381931634
5461,-0.6256564323077944,-0.0028891767518098577,-0.0028891767518098577
5462,0.4016225904450712,0.5087302666668853,0.5087302666668853
5463,0.7044783150451581,-0.10764818540388633,-0.10764818540388633
5464,-0.8107222212906493,0.05402625104522879,0.05402625104522879
5465,-0.02378636097590303,1.008692966372639,1.008692966372639
5466,-0.560227494994407,0.18891973778933926,0.18891973778933926
5467,-0.6543442638638388,-0.06612644023592318,-0.06612644023592318
5468,0.0745238638645398,0.979980668349038,0.979980668349038
5469,-0.7533571651135602,0.025412306837522387,0.025412306837522387
5470,-0.38908109310141015,0.4521729722467486,0.4521729722467486
5471,-0.7314308534638343,0.028057520646600477,0.028057520646600477
5472,-0.8617927670266861,0.22316589730657577,0.22316589730657577
5473,-0.9966958131559218,0.834891271057526,0.834891271057526
5474,-0.29610437629151054,0.7159314536555058,0.7159314536555058
5475,0.3443021071341885,0.5559623334266424,0.5559623334266424
5476,0.20876285102617276,0.8452772306903695,0.8452772306903695
5477,-0.9301038550762679,0.58733126595164,0.58733126595164
5478,-0.9767459954500015,0.80940166518219,0.80940166518219
5479,-0.22559871752521654,0.7913186501399407,0.7913186501399407
5480,-0.3928890661615081,0.4671330669334176,0.4671330669334176
5481,0.4037762859627334,0.4287363064797557,0.4287363064797557
5482,0.7871396139871873,0.042201551215762786,0.042201551215762786
5483,0.14962851615595008,0.9939598942782566,0.9939598942782566
5484,-0.048144683637958874,0.9589628001246105,0.9589628001246105
5485,0.5366631032503912,0.2216102994226461,0.2216102994226461
5486,-0.16064659686351845,0.8882475255371847,0.8882475255371847
5487,0.16283494993903513,0.8517374511626533,0.8517374511626533
5488,-0.365550789988625,0.5486148008920703,0.5486148008920703
5489,-0.7023901423290189,0.025260067464357844,0.025260067464357844
5490,0.9395882672616855,0.5948961260725771,0.5948961260725771
5491,-0.27895734715829534,0.6583759829142788,0.6583759829142788
5492,0.9412628571494726,0.705503484258706,0.705503484258706
5493,-0.19708451568751584,0.8162597715983212,0.8162597715983212
5494,-0.5630880964297642,0.0977023254102482,0.0977023254102482
5495,-0.7033853264544825,-0.03237163851687303,-0.03237163851687303
5496,0.9949092217530482,0.9233125767009412,0.9233125767009412
5497,-0.20849364418519167,0.8535491860602856,0.8535491860602856
5498,-0.2763857544621402,0.6348519628619281,0.6348519628619281
5499,0.16976136346746218,0.9157949099643642,0.9157949099643642
5500,-0.44689125265947194,0.34501213850877616,0.34501213850877616
5501,-0.6128637167756346,0.10187271554908536,0.10187271554908536
5502,0.28481967255922647,0.7033060066552077,0.7033060066552077
5503,0.018537599778326364,1.0272154802102296,1.0272154802102296
5504,-0.1067129101027211,0.9286499219858061,0.9286499219858061
5505,0.510648129232903,0.14065274628472343,0.14065274628472343
5506,-0.9650461241774955,0.6737550579219302,0.6737550579219302
5507,-0.2128702555946198,0.8293919008791608,0.8293919008791608
5508,-0.4213449462405099,0.43384128654050574,0.43384128654050574
5509,-0.5228341142527089,0.17314073399684493,0.17314073399684493
5510,0.1685686909699453,0.9067308759921384,0.9067308759921384
5511,-0.6666129435839605,-0.10489238385324762,-0.10489238385324762
5512,0.9854417871792343,0.8776705861669617,0.8776705861669617
5513,-0.4677435333288045,0.269475846396103,0.269475846396103
5514,0.1763398031027681,0.8846107845857578,0.8846107845857578
5515,-0.6080774452815412,0.1466011201171885,0.1466011201171885
5516,0.7921055059795328,0.06690840480845332,0.06690840480845332
5517,0.030260378269571397,0.9735851612212145,0.9735851612212145
5518,-0.6592373230814075,-0.005500980363890164,-0.005500980363890164
5519,-0.34203259399077024,0.6262433475563012,0.6262433475563012
5520,0.6971969543500447,-0.009033441069716602,-0.009033441069716602
5521,0.713732750967411,-0.012740583698695934,-0.012740583698695934
5522,-0.9243981587768195,0.4630340719757902,0.4630340719757902
5523,0.014757676506507167,1.0514567593597612,1.0514567593597612
5524,-0.03527243396114543,1.0018929928588234,1.0018929928588234
5525,0.1656510193570464,0.8707395128503721,0.8707395128503721
5526,0.3538035692409611,0.6102661507448304,0.6102661507448304
5527,0.46971778855224233,0.32317682080487137,0.32317682080487137
5528,0.7092171812032613,-0.044732434081293786,-0.044732434081293786
5529,0.4408499395731953,0.3708691692335286,0.3708691692335286
5530,-0.11349812147201166,0.8244617024696653,0.8244617024696653
5531,-0.2609826734452403,0.658056055750777,0.658056055750777
5532,0.16186023953740025,0.8252669878387437,0.8252669878387437
5533,-0.7886124948349098,0.09240687086005381,0.09240687086005381
5534,0.06917147877868324,0.9775809690716876,0.9775809690716876
5535,-0.844415475649307,0.15982776134243318,0.15982776134243318
5536,0.9297053488805391,0.5043787192029221,0.5043787192029221
5537,-0.5974915506671816,0.10989320822821469,0.10989320822821469
5538,0.6602608418826976,0.04503957302137675,0.04503957302137675
5539,0.8154221275625471,0.08731842344125179,0.08731842344125179
5540,-0.9678348000873418,0.8595669653240182,0.8595669653240182
5541,-0.2652982497590213,0.8192889800827019,0.8192889800827019
5542,0.13694192613629252,0.9144293983824987,0.9144293983824987
5543,0.8202018656738637,0.08505190173679625,0.08505190173679625
5544,0.6672142126282694,0.00952472711445818,0.00952472711445818
5545,0.26004854280456247,0.8009560198684675,0.8009560198684675
5546,-0.560436613486438,0.07343505668326347,0.07343505668326347
5547,0.07323460582668129,1.0109528184819145,1.0109528184819145
5548,-0.10124605316521618,1.0342289061958925,1.0342289061958925
5549,-0.7922963614600069,0.014614160614346589,0.014614160614346589
5550,-0.6940194073422652,-0.026241077791104198,-0.026241077791104198
5551,0.8378395431245096,0.2228586800795097,0.2228586800795097
5552,0.19282511445072137,0.9647123816116692,0.9647123816116692
5553,-0.173860442597509,0.9993701850411145,0.9993701850411145
5554,-0.8153101200936719,0.14373244256107653,0.14373244256107653
5555,0.6168761076164799,0.07519577347565415,0.07519577347565415
5556,-0.08246838148881475,1.0343691530152546,1.0343691530152546
5557,0.6655946890904372,0.04628573523129996,0.04628573523129996
5558,0.36118319870932836,0.48694726398324756,0.48694726398324756
5559,0.7962769342991785,0.02685428960743176,0.02685428960743176
5560,-0.20239598893462962,0.8240275645406906,0.8240275645406906
5561,0.5520168203917333,0.09571304177807077,0.09571304177807077
5562,-0.6719847177230032,-0.08315162468723584,-0.08315162468723584
5563,-0.07378596460740527,0.9400624395284469,0.9400624395284469
5564,-0.8190155557012895,0.11405552489964725,0.11405552489964725
5565,-0.2947183709431367,0.6832036086831687,0.6832036086831687
5566,-0.896224873266898,0.42360229727637194,0.42360229727637194
5567,-0.7597672139330407,-0.039995933379901316,-0.039995933379901316
5568,0.9040234118100461,0.37476993179402684,0.37476993179402684
5569,-0.8357509867617581,0.08116582225226084,0.08116582225226084
5570,0.896127012382238,0.3301819875197851,0.3301819875197851
5571,-0.6481515250838374,-0.052750624172663,-0.052750624172663
5572,0.0595806847482212,1.0061050668308718,1.0061050668308718
5573,0.8611760693389034,0.18692245417968947,0.18692245417968947
5574,0.23951321841593076,0.7805933446335568,0.7805933446335568
5575,-0.4938829016112396,0.2550396717333064,0.2550396717333064
5576,-0.17943054955973037,0.8890382261467812,0.8890382261467812
5577,0.053975804667882876,1.0289985125909071,1.0289985125909071
5578,-0.13994152434254659,0.9498123052574668,0.9498123052574668
5579,-0.7168032946083547,0.004471372668761966,0.004471372668761966
5580,-0.2677901432685672,0.8095867038024088,0.8095867038024088
5581,0.9736034251632029,0.8360023474096031,0.8360023474096031
5582,-0.24787138280203247,0.7765608725358782,0.7765608725358782
5583,-0.2921643734231103,0.6304012397746931,0.6304012397746931
5584,-0.8655916432974067,0.3101301176237839,0.3101301176237839
5585,0.5197380493876746,0.2766040357349062,0.2766040357349062
5586,-0.6568809419166319,-0.0448318228017424,-0.0448318228017424
5587,-0.6916328025857796,0.05541256448276272,0.05541256448276272
5588,0.8461177405628786,0.24298122335920605,0.24298122335920605
5589,0.7494206556355238,0.06517276378836456,0.06517276378836456
5590,0.8393200266748693,0.1645939591877821,0.1645939591877821
5591,0.8489536437334069,0.1887511958168979,0.1887511958168979
5592,0.7606305629163521,0.03364248643020758,0.03364248643020758
5593,0.701081280415008,-0.016034499361504015,-0.016034499361504015
5594,-0.22836893986824758,0.779445011429702,0.779445011429702
5595,0.37227272543993917,0.5422292538849389,0.5422292538849389
5596,-0.22404663403184633,0.7545212078319715,0.7545212078319715
5597,-0.6076418321758508,0.049591751819965516,0.049591751819965516
5598,-0.7987123785456489,0.05783550404678994,0.05783550404678994
5599,0.9402930610637956,0.6028805320235495,0.6028805320235495
5600,0.051054319420142935,1.004982626057801,1.004982626057801
5601,-0.4584828242435828,0.35689763862504376,0.35689763862504376
5602,-0.9037768551251995,0.3641360249799039,0.3641360249799039
5603,-0.3945318213776223,0.4629272672482907,0.4629272672482907
5604,0.9336765779392726,0.5385305241368636,0.5385305241368636
5605,0.8645335612339298,0.2209845894316069,0.2209845894316069
5606,0.5040860472932414,0.19443369111512493,0.19443369111512493
5607,0.22104677752691226,0.8760989090903006,0.8760989090903006
5608,-0.7337214839390596,-0.010351011704929802,-0.010351011704929802
5609,0.01925255590499564,1.03009106188279,1.03009106188279
5610,0.8726872524397378,0.27528967808045157,0.27528967808045157
5611,-0.8833913581189425,0.30964102618514616,0.30964102618514616
5612,0.4488633368894708,0.3805904546811103,0.3805904546811103
5613,-0.9793478486630784,0.9311107104112188,0.9311107104112188
5614,-0.18782511042142946,0.875942484872484,0.875942484872484
5615,0.9790880751852302,0.8483017539945333,0.8483017539945333
5616,0.10384136415550271,0.9603976310771748,0.9603976310771748
5617,-0.9862416185081784,0.8677764641943411,0.8677764641943411
5618,-0.6332640693752412,0.09294834270547546,0.09294834270547546
5619,0.5858412778257873,0.04680533107658846,0.04680533107658846
5620,-0.7336149899348057,0.0071571789992778655,0.0071571789992778655
5621,-0.3492530890364942,0.5167658993061311,0.5167658993061311
5622,0.34670121477293603,0.6063116564964367,0.6063116564964367
5623,0.5622473033264399,0.1559894224509569,0.1559894224509569
5624,-0.08513448245105937,0.8828992594245468,0.8828992594245468
5625,-0.6685849112083804,-0.03557272445453809,-0.03557272445453809
5626,0.41289170904965866,0.4256594412011413,0.4256594412011413
5627,-0.08666081883472354,0.9302668282075967,0.9302668282075967
5628,0.594517106834245,0.10516962194120322,0.10516962194120322
5629,0.761238090370751,0.01097758901312876,0.01097758901312876
5630,0.36790920271680383,0.413576603520661,0.413576603520661
5631,0.738289668984027,0.08694574554915745,0.08694574554915745
5632,-0.8378271906616341,0.10707401322654075,0.10707401322654075
5633,0.34154326571685556,0.5613028237184992,0.5613028237184992
5634,-0.6300873122583006,0.06327313092083255,0.06327313092083255
5635,-0.9133757611544422,0.42240651108925104,0.42240651108925104
5636,0.2880974813257797,0.667933124355961,0.667933124355961
5637,0.1931912018071662,0.8488492181565049,0.8488492181565049
5638,0.9164242497967721,0.4903461323263099,0.4903461323263099
5639,-0.8330255531933015,0.14615608041559303,0.14615608041559303
5640,-0.24574128124665306,0.753345289558471,0.753345289558471
5641,-0.3378968878358428,0.6196670034041201,0.6196670034041201
5642,-0.5202077727850167,0.2094609455783905,0.2094609455783905
5643,0.900034197348115,0.38055365940641983,0.38055365940641983
5644,-0.14058189542391908,0.8833529173332554,0.8833529173332554
5645,0.33264514245919075,0.645804902767595,0.645804902767595
5646,-0.09456198479278655,0.945360165763341,0.945360165763341
5647,0.891154917775838,0.3740652020485987,0.3740652020485987
5648,0.34018741693107923,0.6007248339525881,0.6007248339525881
5649,-0.8907243407631882,0.3134243249771627,0.3134243249771627
5650,0.5846234566427226,0.14378686861453682,0.14378686861453682
5651,0.5790555717979222,0.07918546587317145,0.07918546587317145
5652,-0.5447888272956016,0.12571717774596372,0.12571717774596372
5653,0.8314298117867278,0.10153769266774827,0.10153769266774827
5654,0.6930746619697219,-0.04863787759660356,-0.04863787759660356
5655,0.7262130635564328,-0.07006377650059474,-0.07006377650059474
5656,0.10823018273272389,0.8918287741498435,0.8918287741498435
5657,-0.14693281717330664,0.8796137991065812,0.8796137991065812
5658,0.29870337800723834,0.7302096343696673,0.7302096343696673
5659,-0.30263879423499396,0.5517377549540029,0.5517377549540029
5660,0.37902606232327485,0.5458815763067544,0.5458815763067544
5661,-0.8124277046885222,0.044224000868483375,0.044224000868483375
5662,-0.663275290067664,-0.044114449047408244,-0.044114449047408244
5663,0.8992198816297665,0.35667028616279217,0.35667028616279217
5664,0.35358202539861416,0.4515060531441324,0.4515060531441324
5665,-0.382999049796217,0.4663486135696174,0.4663486135696174
5666,0.5654557815388588,0.12292699388314937,0.12292699388314937
5667,-0.4774852671160472,0.2562344916911299,0.2562344916911299
5668,-0.03291967737826251,0.9542338295852913,0.9542338295852913
5669,-0.022571104650573437,1.0272071650476522,1.0272071650476522
5670,-0.9295141953854664,0.4214106627863667,0.4214106627863667
5671,0.15134203078759767,0.8609565431990693,0.8609565431990693
5672,-0.16760918955455018,0.8471764930050553,0.8471764930050553
5673,0.7659242345289468,0.07040750133398893,0.07040750133398893
5674,0.2052504785387197,0.7911276055612207,0.7911276055612207
5675,0.15512873111101055,0.9235833530029856,0.9235833530029856
5676,0.3409338640872679,0.5960293653641829,0.5960293653641829
5677,-0.26034913192431164,0.7802882408995485,0.7802882408995485
5678,-0.9747432977137931,0.7972206246568686,0.7972206246568686
5679,-0.9241880331431718,0.4915072904027271,0.4915072904027271
5680,0.22869842653649664,0.7809764055820595,0.7809764055820595
5681,-0.23491289649166247,0.7755097760435866,0.7755097760435866
5682,0.4725444370197669,0.27110075083055035,0.27110075083055035
5683,-0.9091662635476203,0.4180482292810527,0.4180482292810527
5684,0.07652124978128971,1.1033087977384883,1.1033087977384883
5685,-0.2638569537087265,0.7682940951592722,0.7682940951592722
5686,-0.18187159163302358,0.982245740731927,0.982245740731927
5687,0.2934703864421637,0.7285815118239828,0.7285815118239828
5688,-0.8687749463003198,0.22999614038399233,0.22999614038399233
5689,0.5846409781863378,0.10610905951546784,0.10610905951546784
5690,0.5776817906136187,0.0939167588995628,0.0939167588995628
5691,0.9991219599521308,1.0576195124004255,1.0576195124004255
5692,-0.9907746906298258,0.893765847948692,0.893765847948692
5693,0.5581372567664282,0.2461418796764107,0.2461418796764107
5694,0.05313826964927948,0.9652302701514368,0.9652302701514368
5695,-0.5277728491484024,0.15727261834961923,0.15727261834961923
5696,0.4068975595290012,0.43748149023713484,0.43748149023713484
5697,-0.37545439939629155,0.5006013680318125,0.5006013680318125
5698,0.11850066948163684,0.9868651675545627,0.9868651675545627
5699,-0.3863466697786022,0.3966141150760325,0.3966141150760325
5700,0.41615016747174627,0.48813046048783026,0.48813046048783026
5701,-0.36054370989419904,0.5752691872082975,0.5752691872082975
5702,-0.1600751497439341,0.8787231269502535,0.8787231269502535
5703,-0.9053233467676942,0.4327612865453962,0.4327612865453962
5704,-0.6564059240608722,0.02252479886689084,0.02252479886689084
5705,0.7994802507576948,0.07716776798765224,0.07716776798765224
5706,0.6402323572667696,0.022309112855192992,0.022309112855192992
5707,0.8933115801109031,0.3238604069872349,0.3238604069872349
5708,-0.7218629662215699,-0.008651797437646918,-0.008651797437646918
5709,-0.3341622458207918,0.5446254707375577,0.5446254707375577
5710,0.5710178708431779,0.2110496235360606,0.2110496235360606
5711,0.10862912067214503,1.0179568148741054,1.0179568148741054
5712,-0.5049319542413637,0.1330522246844483,0.1330522246844483
5713,0.9723758383785108,0.7980986107020898,0.7980986107020898
5714,0.16580581398834648,0.9223700770845721,0.9223700770845721
5715,-0.46823014270901453,0.24784179618155755,0.24784179618155755
5716,-0.016182886196272284,0.9856654374271409,0.9856654374271409
5717,0.41181943262858534,0.42651820726877315,0.42651820726877315
5718,0.6928840100682936,-0.0008416634246190067,-0.0008416634246190067
5719,-0.28856243140546045,0.6605198584152205,0.6605198584152205
5720,0.9236349909355301,0.5079936092357826,0.5079936092357826
5721,0.8005017723473817,-0.009524793445064017,-0.009524793445064017
5722,0.15024742363400545,0.8517840796871702,0.8517840796871702
5723,0.3471909512517404,0.6122520326122066,0.6122520326122066
5724,-0.3986956785590734,0.4664035336024924,0.4664035336024924
5725,0.5376597790047204,0.16835786594633576,0.16835786594633576
5726,0.6853757254168467,0.0220233458225401,0.0220233458225401
5727,-0.64462289073165,0.04147149918860219,0.04147149918860219
5728,0.08282376365419064,0.9626829596395001,0.9626829596395001
5729,-0.5341966362813115,0.25853754487109243,0.25853754487109243
5730,0.9964848699300648,0.9557712690852893,0.9557712690852893
5731,0.5008049530678576,0.28319478771035217,0.28319478771035217
5732,0.7262996380623516,-0.16255152266297568,-0.16255152266297568
5733,-0.46411394301316067,0.2881609796706204,0.2881609796706204
5734,0.7955885882848308,0.12506898906459135,0.12506898906459135
5735,-0.44802488055936407,0.26860471812038156,0.26860471812038156
5736,0.8270702148231368,0.1388685822741302,0.1388685822741302
5737,0.1445759330597991,0.8061831665774849,0.8061831665774849
5738,-0.2958394949324763,0.6594559803068241,0.6594559803068241
5739,0.19468055855688093,0.8606360951495242,0.8606360951495242
5740,-0.6992685858854519,-0.013298392876336261,-0.013298392876336261
5741,0.25717179212580454,0.7370758777164536,0.7370758777164536
5742,-0.5311232070268659,0.2372776667319786,0.2372776667319786
5743,0.9526408874421552,0.6798173146612383,0.6798173146612383
5744,-0.306803920989017,0.6922740089966078,0.6922740089966078
5745,-0.7423322503714342,0.08642232335266584,0.08642232335266584
5746,0.9833603281350274,0.8005546038006525,0.8005546038006525
5747,0.9604474299598886,0.7968684479500844,0.7968684479500844
5748,0.9261867594055864,0.57615733868328,0.57615733868328
5749,0.43911305085310404,0.4375038119091904,0.4375038119091904
5750,-0.15470495031062104,0.9038607018184346,0.9038607018184346
5751,0.7427329568480201,0.10546416126320164,0.10546416126320164
5752,-0.7373334323725407,-0.03466731092720504,-0.03466731092720504
5753,0.13776703307732197,0.8817825142546724,0.8817825142546724
5754,-0.5263000300738738,0.2000052311773221,0.2000052311773221
5755,0.9263652371667968,0.4910810048462804,0.4910810048462804
5756,0.6833309237642435,0.04315561391607532,0.04315561391607532
5757,0.9599289326725189,0.8463734565709711,0.8463734565709711
5758,-0.9239413858169732,0.5398661623404419,0.5398661623404419
5759,-0.5193825184261589,0.1777086713314217,0.1777086713314217
5760,-0.5759238893609397,0.18396578259838353,0.18396578259838353
5761,0.9092660999189639,0.5328055999847621,0.5328055999847621
5762,0.3543184340339254,0.5299486332810575,0.5299486332810575
5763,0.20293475058528831,0.9216595905189412,0.9216595905189412
5764,-0.1429070745275971,0.7884710662222989,0.7884710662222989
5765,0.9607128704213928,0.7028785268951301,0.7028785268951301
5766,-0.9495262803455438,0.7267179300755982,0.7267179300755982
5767,-0.17582820376182462,0.8915132760342539,0.8915132760342539
5768,-0.6413155125177119,0.02928219001100855,0.02928219001100855
5769,-0.12214516490827232,0.9083854897396553,0.9083854897396553
5770,0.6942158167733052,-0.027127493063363484,-0.027127493063363484
5771,-0.8338276178754329,0.15087140427284887,0.15087140427284887
5772,0.2562078585095233,0.7318992158643244,0.7318992158643244
5773,-0.1186165169571729,0.9915446841346702,0.9915446841346702
5774,-0.05806831337615881,1.084058788960273,1.084058788960273
5775,0.732468656212018,0.11347748036039922,0.11347748036039922
5776,-0.6808752350236236,-0.04717175962443208,-0.04717175962443208
5777,0.20120858574053102,0.8941038543296616,0.8941038543296616
5778,-0.44769634427835747,0.4162859944492973,0.4162859944492973
5779,0.7397785858633368,-0.029529651031701656,-0.029529651031701656
5780,0.4058004143684173,0.41355897443870104,0.41355897443870104
5781,-0.021216391681918134,1.056330492514972,1.056330492514972
5782,0.2798777871242095,0.8261905665485189,0.8261905665485189
5783,0.3210609954189969,0.6323612812267796,0.6323612812267796
5784,-0.42464209203839887,0.41160551496519354,0.41160551496519354
5785,0.1431024253955937,0.9854186293496652,0.9854186293496652
5786,0.8056220901383313,0.04044597646425853,0.04044597646425853
5787,0.3356550627755921,0.610539853520388,0.610539853520388
5788,0.7665111046053497,0.10898425993295827,0.10898425993295827
5789,-0.7139083499857293,-0.024629432249824862,-0.024629432249824862
5790,0.6692744840463447,0.021907578526910595,0.021907578526910595
5791,0.7487566034043771,-0.042777038883047645,-0.042777038883047645
5792,-0.2358964497683418,0.7053055879936261,0.7053055879936261
5793,0.4384989516489186,0.46639226403699013,0.46639226403699013
5794,-0.8507678340697975,0.21920632776968135,0.21920632776968135
5795,0.31865259820282166,0.6339723040482079,0.6339723040482079
5796,0.7474159910126583,-0.08672547287744316,-0.08672547287744316
5797,-0.5499799026658223,0.10154081363499762,0.10154081363499762
5798,-0.1745364168106056,0.8981167696750193,0.8981167696750193
5799,0.2053180048035308,0.854643860871924,0.854643860871924
5800,-0.6755346550242061,0.018886888599613322,0.018886888599613322
5801,-0.01874451189139137,0.968193713927325,0.968193713927325
5802,0.9943359547845176,0.9114214324716443,0.9114214324716443
5803,0.6043891215832764,0.023585452549261948,0.023585452549261948
5804,-0.18575888685830955,0.8507368112864806,0.8507368112864806
5805,0.8375872981502122,0.18942438276654203,0.18942438276654203
5806,0.13002150200192486,1.0196081028378754,1.0196081028378754
5807,0.8714150380036121,0.2093512658267172,0.2093512658267172
5808,0.6850715783054298,-0.030377660466164122,-0.030377660466164122
5809,0.1894235333172425,0.8679308722542408,0.8679308722542408
5810,0.7126992922969106,-0.028296212654638015,-0.028296212654638015
5811,0.8834063383631683,0.2960534127241835,0.2960534127241835
5812,0.08745042599939712,0.9308339313779302,0.9308339313779302
5813,0.8469322795275984,0.20176592798765508,0.20176592798765508
5814,0.7769016115614746,0.04462517169311044,0.04462517169311044
5815,-0.17591524824829063,0.9253805581294983,0.9253805581294983
5816,0.5898321719379951,0.12216471007363211,0.12216471007363211
5817,0.615498036194609,-0.01871452911524369,-0.01871452911524369
5818,0.4092640695543004,0.4411523627205431,0.4411523627205431
5819,-0.9373540993054734,0.6796169847227479,0.6796169847227479
5820,0.3306343050554046,0.5623895033544778,0.5623895033544778
5821,-0.9982500161266477,0.9937643415933428,0.9937643415933428
5822,-0.20807596481692991,0.8564257626089646,0.8564257626089646
5823,-0.19752087369122062,0.8180312136054799,0.8180312136054799
5824,0.9345683350085725,0.5951914819421953,0.5951914819421953
5825,0.8539811268837059,0.13285620729880204,0.13285620729880204
5826,-0.27619505141788814,0.7004852852265674,0.7004852852265674
5827,0.055964537724898955,1.002464955226824,1.002464955226824
5828,-0.260902184501941,0.8418772161028586,0.8418772161028586
5829,0.5469803006345466,0.15855283191311323,0.15855283191311323
5830,0.4919858949335554,0.25215609877846323,0.25215609877846323
5831,-0.8655562174706484,0.2721190699926175,0.2721190699926175
5832,0.8009407484754325,0.06725528165616408,0.06725528165616408
5833,0.2010489430363409,0.9790108307703622,0.9790108307703622
5834,0.5746221094284782,0.13203517579410504,0.13203517579410504
5835,0.2805168406291765,0.67487421930185,0.67487421930185
5836,0.7441600473070586,0.034239084997883945,0.034239084997883945
5837,0.9048844447572524,0.49484679355252426,0.49484679355252426
5838,-0.9215925851075653,0.5278658751442917,0.5278658751442917
5839,0.4020642360077662,0.4427660483370306,0.4427660483370306
5840,-0.7128810186414876,0.042168291582335156,0.042168291582335156
5841,-0.8272874589632193,0.14720141591851466,0.14720141591851466
5842,-0.46044521460107446,0.2927649296193463,0.2927649296193463
5843,0.3206844226450096,0.6194737575941845,0.6194737575941845
5844,0.18376967714952808,0.8758018137744829,0.8758018137744829
5845,-0.008257318814056669,0.9549053673700467,0.9549053673700467
5846,0.5711229333795629,0.13752693689354098,0.13752693689354098
5847,0.9069481729635902,0.3992245171787305,0.3992245171787305
5848,-0.4782786169289148,0.34739890857370226,0.34739890857370226
5849,-0.6837319039266121,-9.080516803081952e-06,-9.080516803081952e-06
5850,-0.009983029479228911,1.029266037934347,1.029266037934347
5851,-0.9459482365894343,0.5741700056797447,0.5741700056797447
5852,-0.836282304370285,0.22161721319864047,0.22161721319864047
5853,-0.14382863784562994,0.9512309056367579,0.9512309056367579
5854,-0.7705466203050801,0.04131658127710444,0.04131658127710444
5855,-0.7397910427104855,-0.04512378275937614,-0.04512378275937614
5856,-0.7952034434386002,0.03371347749851033,0.03371347749851033
5857,-0.3749631638469826,0.4730187629331341,0.4730187629331341
5858,-0.4145695033807282,0.38634563078441186,0.38634563078441186
5859,0.9409423448678282,0.7106610250535678,0.7106610250535678
5860,0.7610819663020607,0.039113869736990776,0.039113869736990776
5861,-0.20904616892614447,0.7965480897402609,0.7965480897402609
5862,-0.3535676807051693,0.5745865098695186,0.5745865098695186
5863,-0.30434727272033957,0.6911485781435583,0.6911485781435583
5864,0.49596841103939027,0.156308142205531,0.156308142205531
5865,0.04781291000909249,0.9615562506011868,0.9615562506011868
5866,-0.7975053159365004,0.17028496670043777,0.17028496670043777
5867,-0.32998117531402205,0.5516031505818724,0.5516031505818724
5868,-0.5632712221307996,0.04203762606466227,0.04203762606466227
5869,0.8005177066390079,0.0394809695828492,0.0394809695828492
5870,-0.3392907080417449,0.5609019259272474,0.5609019259272474
5871,-0.756204761960912,0.003782320751573153,0.003782320751573153
5872,-0.6380061422784673,0.08911831498757312,0.08911831498757312
5873,0.8405828303394771,0.13994099639528834,0.13994099639528834
5874,0.2636429256992143,0.8011380356724495,0.8011380356724495
5875,0.7699756240636912,-0.001997229163702312,-0.001997229163702312
5876,-0.1796228682312777,0.8299031865286971,0.8299031865286971
5877,0.9396788023183928,0.5108678238883504,0.5108678238883504
5878,-0.9067728974275884,0.3921451779227408,0.3921451779227408
5879,-0.18826588878855377,0.9085915818488425,0.9085915818488425
5880,0.07533915188420237,1.0576481429092954,1.0576481429092954
5881,-0.1990552044873144,0.8312522801437534,0.8312522801437534
5882,0.6386048015350023,0.04229177860627782,0.04229177860627782
5883,-0.832947382530637,0.15430576786631173,0.15430576786631173
5884,0.05883831428518138,1.0087289817265999,1.0087289817265999
5885,0.019483824294414642,0.9744894252770746,0.9744894252770746
5886,-0.9695113393915051,0.796626579749731,0.796626579749731
5887,0.09871790104383171,0.9171198521924913,0.9171198521924913
5888,-0.5525702610275927,0.19328790574807297,0.19328790574807297
5889,0.2629825902237899,0.7644054949817701,0.7644054949817701
5890,-0.5369230765708464,0.18085513286495905,0.18085513286495905
5891,0.4856103895564403,0.2774638981546093,0.2774638981546093
5892,0.4784514402969082,0.21443677317465443,0.21443677317465443
5893,0.7256175316384645,0.08738131032743793,0.08738131032743793
5894,0.9590220918641035,0.6475030566035537,0.6475030566035537
5895,0.46662470598147054,0.2922940206176255,0.2922940206176255
5896,0.8573115035932883,0.16632505589838795,0.16632505589838795
5897,-0.5434379156555729,0.19430027623123552,0.19430027623123552
5898,-0.5072003697989085,0.19952009711655755,0.19952009711655755
5899,-0.7116841460023873,0.1137228191761167,0.1137228191761167
5900,0.4338338730286584,0.36748396625565444,0.36748396625565444
5901,-0.8016923753969669,0.07003636447879719,0.07003636447879719
5902,-0.9390598188508938,0.5621015466224755,0.5621015466224755
5903,0.021083059646212376,0.8789635303095971,0.8789635303095971
5904,0.26812780567701955,0.6796929582953545,0.6796929582953545
5905,-0.24611262925273492,0.676680490940053,0.676680490940053
5906,-0.9904960196140375,0.919797003355393,0.919797003355393
5907,-0.7098321448763387,0.0011833054635913525,0.0011833054635913525
5908,-0.6173455779100805,0.010228229272287864,0.010228229272287864
5909,-0.8716558444968028,0.27350283877851445,0.27350283877851445
5910,-0.9453324357608037,0.7426234932100445,0.7426234932100445
5911,0.7431391611531102,0.08824411500098421,0.08824411500098421
5912,-0.7267763176530513,0.007794269917430503,0.007794269917430503
5913,-0.8546533009557882,0.2913123632153392,0.2913123632153392
5914,-0.14592989695214675,0.9442136421701556,0.9442136421701556
5915,-0.17280017439142092,0.9485466477621953,0.9485466477621953
5916,-0.023565667117517952,1.089772106639262,1.089772106639262
5917,-0.41781200260447426,0.382720191604108,0.382720191604108
5918,0.9602600620995017,0.7316451070268565,0.7316451070268565
5919,-0.5059236928305475,0.18435095631678342,0.18435095631678342
5920,0.4377923091315352,0.4202625786504712,0.4202625786504712
5921,-0.6001159816302113,0.07223820343662134,0.07223820343662134
5922,0.9064740312851389,0.3503974729261949,0.3503974729261949
5923,-0.5325085680741957,0.20299347520744532,0.20299347520744532
5924,-0.45975297017339356,0.32278706162203247,0.32278706162203247
5925,-0.18738202172754237,0.744467484478881,0.744467484478881
5926,-0.6840051704819814,-0.061077662646879506,-0.061077662646879506
5927,-0.7991811397081241,0.034163000796468564,0.034163000796468564
5928,-0.6321062957068242,0.03400979906527222,0.03400979906527222
5929,-0.374310548472476,0.5547007205886555,0.5547007205886555
5930,0.9336167997260469,0.615838502372386,0.615838502372386
5931,-0.7433943192058374,0.01885318985626389,0.01885318985626389
5932,0.1766060857073115,0.8649742474769876,0.8649742474769876
5933,-0.3093028015482464,0.6343950635729352,0.6343950635729352
5934,-0.9523838690497166,0.731627746606181,0.731627746606181
5935,-0.5285061056875562,0.20824481791425364,0.20824481791425364
5936,0.5504945695169714,0.15176124064170893,0.15176124064170893
5937,-0.2040734394856234,0.9587675846719818,0.9587675846719818
5938,-0.8949622438253317,0.437411116959775,0.437411116959775
5939,0.3988579396572318,0.5178580349833255,0.5178580349833255
5940,0.2863576795727343,0.6689295669125216,0.6689295669125216
5941,-0.9878375833615451,0.8912833715284191,0.8912833715284191
5942,0.0673831714882911,0.8899865244317722,0.8899865244317722
5943,-0.34569604694748834,0.6021749460955284,0.6021749460955284
5944,-0.6654866270504438,0.04752076353129878,0.04752076353129878
5945,-0.7720989012055086,0.05785448846367855,0.05785448846367855
5946,-0.815701326610738,0.07538662499813542,0.07538662499813542
5947,-0.005730816655524329,0.9826428728459768,0.9826428728459768
5948,0.013018968265550157,1.0641718652647543,1.0641718652647543
5949,0.5560567312704556,0.19929212247818529,0.19929212247818529
5950,0.5085306349755818,0.2016351126752421,0.2016351126752421
5951,0.8789335313502531,0.29000572765776367,0.29000572765776367
5952,0.8995579889183278,0.3302877044576559,0.3302877044576559
5953,-0.9708368360070856,0.7778996787727418,0.7778996787727418
5954,0.6098154698228029,0.04020236994682849,0.04020236994682849
5955,0.1905138317102424,0.8187414780230095,0.8187414780230095
5956,0.9767764370352228,0.6874400921188721,0.6874400921188721
5957,0.8904296854253582,0.3382742636027872,0.3382742636027872
5958,0.8682553898132321,0.2613882480834939,0.2613882480834939
5959,-0.17142003005914064,0.9378138897997336,0.9378138897997336
5960,0.38759475448228686,0.47566640937758,0.47566640937758
5961,-0.5028620538255586,0.24001150706002009,0.24001150706002009
5962,-0.05858397055466602,0.938444959895943,0.938444959895943
5963,0.6070984685493686,0.0693703828489752,0.0693703828489752
5964,-0.730480420573282,-0.05137375280250604,-0.05137375280250604
5965,0.5208924443421392,0.21098942153765968,0.21098942153765968
5966,-0.7678663481705887,0.001968510470470697,0.001968510470470697
5967,-0.7680420372467278,-0.03445126084669552,-0.03445126084669552
5968,0.7388564152530177,0.05696467521171435,0.05696467521171435
5969,-0.16809767646988716,0.9374703507641605,0.9374703507641605
5970,0.2968924628583145,0.7584295402696655,0.7584295402696655
5971,0.29902392064469563,0.626516523895385,0.626516523895385
5972,0.9455822323652621,0.6059680426985325,0.6059680426985325
5973,0.43422532770575284,0.3941596912797019,0.3941596912797019
5974,-0.7418511304614919,-0.024216488583072873,-0.024216488583072873
5975,0.40407593335893854,0.4173697635123376,0.4173697635123376
5976,-0.5651049633895229,0.09250493861706674,0.09250493861706674
5977,0.21063222688788086,0.877304265092835,0.877304265092835
5978,0.27085409877367406,0.7852989229675619,0.7852989229675619
5979,0.012740947831537008,1.0297693832336279,1.0297693832336279
5980,-0.12676824472582227,0.987800524892837,0.987800524892837
5981,0.44588165682169456,0.3240045735469052,0.3240045735469052
5982,0.3761487751077861,0.47517808834401337,0.47517808834401337
5983,-0.19132492090037134,0.8416985010972327,0.8416985010972327
5984,0.11052197739689618,0.9872004066393787,0.9872004066393787
5985,-0.7772210554799965,0.07500985117846679,0.07500985117846679
5986,0.1637685639496742,0.9669335658407796,0.9669335658407796
5987,0.6063970068965048,0.048358521709021204,0.048358521709021204
5988,0.7305192350791068,-0.11770853820866811,-0.11770853820866811
5989,-0.16463397648857647,0.8810523801642047,0.8810523801642047
5990,-0.22235398145939134,0.8338532601328107,0.8338532601328107
5991,-0.6271677723138556,0.048355816100634344,0.048355816100634344
5992,-0.36987425910851934,0.5141963995758629,0.5141963995758629
5993,-0.8699465545057989,0.26544438511509516,0.26544438511509516
5994,0.5667529113012653,0.08449293139984276,0.08449293139984276
5995,-0.9035076349545099,0.3875224805676613,0.3875224805676613
5996,0.09428930672240043,0.9268729825828682,0.9268729825828682
5997,0.39525323396896206,0.45228920068620376,0.45228920068620376
5998,0.5952292247229622,0.09185554891122116,0.09185554891122116
5999,-0.3442268041333818,0.6159623401550338,0.6159623401550338
6000,-0.7180418462688332,0.05128663732741113,0.05128663732741113
6001,0.2462924221845324,0.8546498017563372,0.8546498017563372
6002,0.8107545706817889,0.16530810322718797,0.16530810322718797
6003,0.23887434508413996,0.7726498302797066,0.7726498302797066
6004,0.303578550687176,0.749644706074462,0.749644706074462
6005,-0.5826940075221401,0.15184778338675006,0.15184778338675006
6006,0.8467993976765442,0.1548217756002433,0.1548217756002433
6007,0.9509856770903602,0.6372045260733241,0.6372045260733241
6008,-0.5106676747587406,0.34087427983172397,0.34087427983172397
6009,0.753655103102135,0.001359547678881766,0.001359547678881766
6010,-0.14018281145523837,0.9397328109353628,0.9397328109353628
6011,0.27329182051982004,0.6458710380562562,0.6458710380562562
6012,0.07237298218803523,0.9538601034160352,0.9538601034160352
6013,0.9585781902436092,0.7060049850979706,0.7060049850979706
6014,-0.23569355181056406,0.8639260267100178,0.8639260267100178
6015,-0.5909853127853837,0.11485773536492377,0.11485773536492377
6016,-0.47983504424584034,0.29356442949657185,0.29356442949657185
6017,-0.372229447357014,0.44307925258029646,0.44307925258029646
6018,-0.13706090699776974,0.8617218950913975,0.8617218950913975
6019,0.2171774808383724,0.8257417102699627,0.8257417102699627
6020,0.10916909452061785,1.0077259469987851,1.0077259469987851
6021,0.1025867605744697,1.0249289502800156,1.0249289502800156
6022,-0.8188990656200148,0.07528084393178963,0.07528084393178963
6023,0.5429212833729049,0.17816558710777092,0.17816558710777092
6024,0.6970948283203009,0.02380389052027478,0.02380389052027478
6025,0.14175493219917557,0.8893386841052664,0.8893386841052664
6026,-0.4703702488251291,0.29297817726015135,0.29297817726015135
6027,-0.8130033895660271,0.02517301567638848,0.02517301567638848
6028,0.6381558703597712,0.07108799632655444,0.07108799632655444
6029,-0.5609152086178955,0.1988578421544044,0.1988578421544044
6030,-0.697976544771282,-0.0028039622281179847,-0.0028039622281179847
6031,-0.39521783899883367,0.5653402472512602,0.5653402472512602
6032,-0.4598398766416827,0.3370788056465378,0.3370788056465378
6033,-0.4485352168368928,0.35855052175807217,0.35855052175807217
6034,-0.4622929258151729,0.3054758728743696,0.3054758728743696
6035,-0.9728379231473618,0.7511590853810464,0.7511590853810464
6036,-0.7585476379201719,0.033352843277507524,0.033352843277507524
6037,-0.38608555429899427,0.3917006524391491,0.3917006524391491
6038,-0.6155017843810766,0.0433978647836743,0.0433978647836743
6039,-0.4812767554984976,0.29956352747625037,0.29956352747625037
6040,0.9599169823897462,0.7579743746606475,0.7579743746606475
6041,0.39499813431434627,0.543201748400889,0.543201748400889
6042,-0.7819830228828324,0.056354379354935626,0.056354379354935626
6043,0.5330575762978305,0.0986418405847573,0.0986418405847573
6044,0.814949892242328,0.11760695907085214,0.11760695907085214
6045,0.3191253859224017,0.6017550823707215,0.6017550823707215
6046,0.09826814628559011,0.9247359226135182,0.9247359226135182
6047,-0.2705921977395642,0.7096154319412832,0.7096154319412832
6048,0.9051317325681145,0.35168873823274754,0.35168873823274754
6049,0.07298152795839519,0.9883748003786992,0.9883748003786992
6050,-0.29786600578916467,0.7004921064534501,0.7004921064534501
6051,0.5380582263760245,0.14414861281812646,0.14414861281812646
6052,0.6167646658555332,0.11823451524671606,0.11823451524671606
6053,-0.18756692343924808,0.8732939545147793,0.8732939545147793
6054,0.1701457687639465,0.8839704277103186,0.8839704277103186
6055,0.7396283733597271,0.033667639661130705,0.033667639661130705
6056,0.7200008697861497,0.049747112694913796,0.049747112694913796
6057,-0.9007715510359842,0.38942234867560305,0.38942234867560305
6058,-0.8591086762812599,0.1970619795046734,0.1970619795046734
6059,0.9216816977588089,0.4210737051304771,0.4210737051304771
6060,-0.7691852646601407,-0.01261684772974428,-0.01261684772974428
6061,0.07827087498315399,0.957706973770779,0.957706973770779
6062,-0.6251909362740218,0.004492668593758645,0.004492668593758645
6063,-0.11893097274967501,0.961170181356991,0.961170181356991
6064,0.7782991211251171,-0.011052417928392004,-0.011052417928392004
6065,-0.9219589669300237,0.5164087392809064,0.5164087392809064
6066,-0.5984384243111922,0.07722580450749617,0.07722580450749617
6067,0.007335227789113885,0.9841799686765637,0.9841799686765637
6068,-0.955340370434036,0.7392678489124281,0.7392678489124281
6069,-0.4193647263038296,0.48660405292425096,0.48660405292425096
6070,0.933523395734724,0.5499728475790248,0.5499728475790248
6071,0.3621323085055135,0.5466586863242698,0.5466586863242698
6072,0.5842922344532278,0.04208605392265845,0.04208605392265845
6073,0.17893387057073462,0.9283790154893716,0.9283790154893716
6074,-0.31344327420907026,0.6970031150111584,0.6970031150111584
6075,-0.14501848104041049,0.9100479263173435,0.9100479263173435
6076,-0.28327736291122085,0.7643134161449663,0.7643134161449663
6077,-0.5680104064020086,0.15442489907600182,0.15442489907600182
6078,-0.29030231683226915,0.7684549791785992,0.7684549791785992
6079,-0.7130931628260369,0.059141593766477076,0.059141593766477076
6080,-0.942420936355588,0.6100816121399751,0.6100816121399751
6081,0.5355659404983786,0.21568254443225304,0.21568254443225304
6082,0.899800804306566,0.3632141785910442,0.3632141785910442
6083,-0.561008034350972,0.07964630069039001,0.07964630069039001
6084,-0.38726279383291207,0.5300975923482253,0.5300975923482253
6085,0.4693468065665707,0.38079917883408676,0.38079917883408676
6086,0.2999726885811673,0.6867226190131533,0.6867226190131533
6087,0.8802086345275129,0.28032196592980263,0.28032196592980263
6088,-0.307043367595063,0.7134242905929542,0.7134242905929542
6089,-0.24175704050818436,0.7286905385225898,0.7286905385225898
6090,-0.9618933181384366,0.6631066433056582,0.6631066433056582
6091,-0.32104789426238445,0.5875661636094571,0.5875661636094571
6092,0.7605076979913539,-0.0128415430810143,-0.0128415430810143
6093,0.33528901075507545,0.642942670173923,0.642942670173923
6094,-0.8460018701118373,0.21867790592467862,0.21867790592467862
6095,0.5855935656307643,0.048512575171956576,0.048512575171956576
6096,-0.3539436174005457,0.6142504990467111,0.6142504990467111
6097,-0.573497907125823,0.23665944425231322,0.23665944425231322
6098,0.391283402483557,0.5063412314292437,0.5063412314292437
6099,0.7117700823190374,0.050218578248534956,0.050218578248534956
6100,-0.9823426142955667,0.9621409347497518,0.9621409347497518
6101,0.829479557488414,0.16420666933054417,0.16420666933054417
6102,-0.10293531029133729,0.887111533634328,0.887111533634328
6103,-0.8613302833444507,0.2942594276691545,0.2942594276691545
6104,0.6566851132325087,0.06611969070041604,0.06611969070041604
6105,0.8959440142247952,0.42100681613994445,0.42100681613994445
6106,0.7715546573224386,0.0011975415271473916,0.0011975415271473916
6107,0.026718109600533557,0.9882125382010871,0.9882125382010871
6108,-0.6120879119626079,0.15888279402660777,0.15888279402660777
6109,-0.39070559198462407,0.5111322150438862,0.5111322150438862
6110,-0.47705659368276976,0.33512915615915884,0.33512915615915884
6111,0.18929909186010385,0.9012627844661675,0.9012627844661675
6112,0.3433822039481762,0.5760427679189004,0.5760427679189004
6113,-0.8174579227255967,0.07097167622059797,0.07097167622059797
6114,0.0524450226957387,0.977150795696739,0.977150795696739
6115,0.2194165051155652,0.8024683899979766,0.8024683899979766
6116,0.18959854243648522,0.8449331027609418,0.8449331027609418
6117,-0.9084128395780438,0.3715025014868237,0.3715025014868237
6118,-0.5216104676255409,0.2463472388178995,0.2463472388178995
6119,0.4679927238156376,0.31808607191810695,0.31808607191810695
6120,-0.18102443216728026,0.8793416509264296,0.8793416509264296
6121,0.38862302776018587,0.4585015457235234,0.4585015457235234
6122,0.3881727247334985,0.5143848485505501,0.5143848485505501
6123,-0.7290475528361164,-0.024941167029184093,-0.024941167029184093
6124,-0.24319995714233866,0.8158625299174759,0.8158625299174759
6125,-0.13463182561254738,0.9040049608128865,0.9040049608128865
6126,-0.16905030703717117,0.9414224572925732,0.9414224572925732
6127,0.01906839192362475,0.9225201736513198,0.9225201736513198
6128,0.9964965651599893,0.9091436531730086,0.9091436531730086
6129,0.1921714887838879,0.7708144385534962,0.7708144385534962
6130,-0.8317836341416474,0.16402361878032054,0.16402361878032054
6131,-0.49415626669232116,0.3095959879972753,0.3095959879972753
6132,0.1339863061683526,0.8916766386684061,0.8916766386684061
6133,-0.5338790172886363,0.14680634385976216,0.14680634385976216
6134,-0.9748409819564898,0.7562984409226903,0.7562984409226903
6135,-0.1362238514868075,0.9392882150962841,0.9392882150962841
6136,-0.3160425876457136,0.6905287424778004,0.6905287424778004
6137,0.5562895553253888,0.17990218217610662,0.17990218217610662
6138,0.02309436492589012,0.9994928109137993,0.9994928109137993
6139,0.7572549959134824,0.03854623936702849,0.03854623936702849
6140,0.15917842477775102,0.8456400074043801,0.8456400074043801
6141,0.4165191673405031,0.4167576981896396,0.4167576981896396
6142,0.9795628136890642,0.8859791549067115,0.8859791549067115
6143,-0.5141473619937504,0.18800299249088265,0.18800299249088265
6144,0.336087565443804,0.6075590853136312,0.6075590853136312
6145,0.32346520356263375,0.6037311109318012,0.6037311109318012
6146,0.5761377393214355,0.19617350494706698,0.19617350494706698
6147,-0.6564582012191367,0.0005769353923406433,0.0005769353923406433
6148,0.4075181177635283,0.43174357429020926,0.43174357429020926
6149,0.10584504175445919,0.9460562688447666,0.9460562688447666
6150,-0.5666582819127277,-0.025075584547682384,-0.025075584547682384
6151,-0.7428672289889473,0.0160102724072479,0.0160102724072479
6152,0.8667104264167753,0.1996504955018842,0.1996504955018842
6153,-0.6917272726289818,0.025047162276675455,0.025047162276675455
6154,0.09919078151209337,0.9542293734228278,0.9542293734228278
6155,-0.8011294201944865,0.11345290529627909,0.11345290529627909
6156,0.6976638720834856,0.021377091188977397,0.021377091188977397
6157,0.9910725727902865,0.8426787931096732,0.8426787931096732
6158,0.3923511663223913,0.48032956841523444,0.48032956841523444
6159,-0.7846127375559746,0.01696780053669835,0.01696780053669835
6160,-0.906531689897061,0.39965660482563314,0.39965660482563314
6161,0.9818398108651574,0.8675941471662263,0.8675941471662263
6162,-0.36925342664431016,0.5153402049327205,0.5153402049327205
6163,-0.08022114863301355,1.0141284478083796,1.0141284478083796
6164,0.34469282842099,0.639574681987332,0.639574681987332
6165,-0.522746045507309,0.20300761008168156,0.20300761008168156
6166,0.9167740685567183,0.4755055587137811,0.4755055587137811
6167,0.6063996759776258,0.0666294244377649,0.0666294244377649
6168,-0.3647222757319539,0.6028934892409038,0.6028934892409038
6169,-0.4369045754236518,0.4304111133294449,0.4304111133294449
6170,-0.833675514198797,0.15485548162211515,0.15485548162211515
6171,-0.6816309906585292,-0.0028407825452316272,-0.0028407825452316272
6172,0.04550856322514241,1.0205034267516215,1.0205034267516215
6173,-0.3189841227875132,0.667444023480823,0.667444023480823
6174,-0.005189323869776885,0.9903005575524474,0.9903005575524474
6175,0.5680028072931667,0.11898387372366723,0.11898387372366723
6176,0.4324640373054929,0.43170682931297577,0.43170682931297577
6177,0.4372675038680074,0.27270815323771147,0.27270815323771147
6178,0.3208175562082314,0.6409082596258701,0.6409082596258701
6179,0.5890611277674145,0.10461799063214386,0.10461799063214386
6180,-0.14443879435288776,0.9464608439229751,0.9464608439229751
6181,0.998839428832363,1.040929355325617,1.040929355325617
6182,-0.28055890044327647,0.6478667131564607,0.6478667131564607
6183,-0.5355054657893552,0.22221516301854677,0.22221516301854677
6184,-0.4640122202081536,0.3455860385842584,0.3455860385842584
6185,-0.5197747241550628,0.23794328291519165,0.23794328291519165
6186,-0.28430459725254664,0.7102869725415207,0.7102869725415207
6187,-0.6618239683950866,-0.026819690455077802,-0.026819690455077802
6188,0.06883892482666254,0.959012922968589,0.959012922968589
6189,0.0008318805044844613,0.9751173126866951,0.9751173126866951
6190,-0.549095449523995,0.1413728416973169,0.1413728416973169
6191,0.7387811129744657,-0.0701465708519377,-0.0701465708519377
6192,-0.7060345790587121,0.0357466868077217,0.0357466868077217
6193,0.7148708393464418,-0.026518910163073842,-0.026518910163073842
6194,-0.40696541145001985,0.40404575717533486,0.40404575717533486
6195,0.981376778939959,0.7644309865323232,0.7644309865323232
6196,-0.38467843344982766,0.4300113200737661,0.4300113200737661
6197,0.5118281790755284,0.23317469325292137,0.23317469325292137
6198,0.07707770205299758,0.9515014817928826,0.9515014817928826
6199,0.8590424707772168,0.28228232224936556,0.28228232224936556
6200,0.7158976908709285,-0.032396113985260024,-0.032396113985260024
6201,0.38625011318364977,0.43697752081424335,0.43697752081424335
6202,-0.05993361393467467,0.97236258293979,0.97236258293979
6203,-0.17886394895473234,0.9112323438225399,0.9112323438225399
6204,-0.18623050479334613,0.7812335596943742,0.7812335596943742
6205,0.519368910524006,0.19012140063396654,0.19012140063396654
6206,-0.36965620533003585,0.5018482102374996,0.5018482102374996
6207,0.7325106096053886,-0.10406014971867505,-0.10406014971867505
6208,-0.9218912324867985,0.4581657329219222,0.4581657329219222
6209,-0.21118039162197477,0.857086970007018,0.857086970007018
6210,-0.3846412006553257,0.5576346152536314,0.5576346152536314
6211,-0.8029829185520225,0.10768405856493728,0.10768405856493728
6212,0.12058033963589465,0.9895656921621666,0.9895656921621666
6213,0.35838002184191864,0.5350634597893186,0.5350634597893186
6214,-0.3577840304731805,0.5608845106795409,0.5608845106795409
6215,0.8152007305524245,0.15562793044009648,0.15562793044009648
6216,-0.5804586163756615,0.1524992822470367,0.1524992822470367
6217,-0.9668467622044052,0.8100970795326125,0.8100970795326125
6218,0.0386247419201069,0.9764106839047891,0.9764106839047891
6219,-0.053628448098266945,1.0484826820725937,1.0484826820725937
6220,0.8283540759158892,0.057271297124670634,0.057271297124670634
6221,0.6636015826977559,-0.003983321393565274,-0.003983321393565274
6222,-0.1657258863992821,0.8129746992949274,0.8129746992949274
6223,-0.4714538232025314,0.30483787892202396,0.30483787892202396
6224,-0.40603502828603166,0.4279114062646573,0.4279114062646573
6225,0.36325694665785746,0.5317145603991471,0.5317145603991471
6226,0.5407087194671227,0.16457304501877099,0.16457304501877099
6227,0.17289597174547566,0.8071439257717419,0.8071439257717419
6228,0.31188375497536147,0.6186385945743668,0.6186385945743668
6229,0.5759274154082403,0.07421793144428024,0.07421793144428024
6230,0.9289898611242982,0.5365031466534731,0.5365031466534731
6231,-0.2962413628092635,0.6659733766356343,0.6659733766356343
6232,0.9753048543990006,0.90228315961996,0.90228315961996
6233,-0.18105934225188003,0.915097626514966,0.915097626514966
6234,-0.9685955120337537,0.7074697480272871,0.7074697480272871
6235,-0.8552857752118346,0.24998643431224563,0.24998643431224563
6236,-0.0017287514512676072,0.8879650767216433,0.8879650767216433
6237,-0.8018674585086165,0.16863514962726495,0.16863514962726495
6238,0.6072636752051896,-0.030484472392002984,-0.030484472392002984
6239,0.5230546749299854,0.2169532271375826,0.2169532271375826
6240,-0.15665012435148418,0.7711946604720266,0.7711946604720266
6241,-0.09132381606998452,0.888522683283536,0.888522683283536
6242,-0.18739668968576106,0.8435083613492543,0.8435083613492543
6243,0.21533213201490398,0.8552498794320308,0.8552498794320308
6244,-0.6944441486598785,-0.08084440390774993,-0.08084440390774993
6245,0.2171714503929847,0.8442607742423633,0.8442607742423633
6246,-0.46981405246214947,0.35393775686309775,0.35393775686309775
6247,0.024263786662510833,1.0470372247222632,1.0470372247222632
6248,0.9382994920243715,0.6221541446956655,0.6221541446956655
6249,-0.3194058857660085,0.7239322804147211,0.7239322804147211
6250,0.08765798457025897,0.9996270785413783,0.9996270785413783
6251,0.11806404813115812,0.9017752213666416,0.9017752213666416
6252,-0.22596962575591895,0.8555583478660964,0.8555583478660964
6253,0.030066519933761082,1.0715577264587046,1.0715577264587046
6254,0.292410335844556,0.6716173814328896,0.6716173814328896
6255,-0.6922462017781199,-0.035844479500091564,-0.035844479500091564
6256,-0.4139753852714183,0.40617645261189805,0.40617645261189805
6257,-0.6532457763679351,-0.0214474084781275,-0.0214474084781275
6258,0.9444064498615681,0.6172278563667724,0.6172278563667724
6259,0.8273637282893109,0.19885694875526405,0.19885694875526405
6260,-0.8016306804759883,0.1346463748018238,0.1346463748018238
6261,0.5489173506688161,0.13761151316277656,0.13761151316277656
6262,-0.8587484845324866,0.18393633380223334,0.18393633380223334
6263,0.5808908750186064,0.08147721967435084,0.08147721967435084
6264,-0.9695254831669071,0.7112722994744181,0.7112722994744181
6265,-0.7408418251761519,0.10851727133949075,0.10851727133949075
6266,-0.6315896154095275,-0.038243029795233134,-0.038243029795233134
6267,-0.9934092054451551,0.9284451583386297,0.9284451583386297
6268,0.002871710770649738,1.0311449831594595,1.0311449831594595
6269,-0.5081655200012933,0.20765839479915513,0.20765839479915513
6270,-0.45269452655882914,0.40492919176110964,0.40492919176110964
6271,0.6512623814792324,-0.03718294074917594,-0.03718294074917594
6272,-0.019878963127913263,0.9527520039243954,0.9527520039243954
6273,0.6406784002294623,0.06274272867462473,0.06274272867462473
6274,0.013834971930151374,1.0350543982925444,1.0350543982925444
6275,-0.4461159478451939,0.28789898801262803,0.28789898801262803
6276,0.5039050074190281,0.23267764530226973,0.23267764530226973
6277,0.15729618901942666,0.8478375174355506,0.8478375174355506
6278,-0.2451302598111651,0.8054372801189407,0.8054372801189407
6279,-0.582699603084567,0.10986771872718921,0.10986771872718921
6280,-0.8738303874425493,0.31390267725318377,0.31390267725318377
6281,-0.5794448025689845,0.17650938570621755,0.17650938570621755
6282,0.8073703513560375,0.09383587072216279,0.09383587072216279
6283,-0.7390010515370227,0.11591024679596464,0.11591024679596464
6284,-0.10989812336143756,0.9636050242886542,0.9636050242886542
6285,-0.7935923834664245,0.032635212248725516,0.032635212248725516
6286,-0.9403781757368803,0.5935345677546171,0.5935345677546171
6287,-0.28649076349450087,0.755446743041736,0.755446743041736
6288,-0.24032428032134878,0.7646078344948763,0.7646078344948763
6289,0.8170221266549795,0.05797730450453322,0.05797730450453322
6290,0.3404409988033614,0.5163124975948453,0.5163124975948453
6291,0.5878073732977178,0.16711216672880036,0.16711216672880036
6292,-0.3063453408185568,0.6510848885321321,0.6510848885321321
6293,0.27551613173458933,0.7087258832657176,0.7087258832657176
6294,0.6154037525895766,0.05830465070414494,0.05830465070414494
6295,-0.8271147783295045,0.027463623651111352,0.027463623651111352
6296,-0.6224386422560932,-0.03970618785654377,-0.03970618785654377
6297,-0.5175482866772396,0.21727125082594861,0.21727125082594861
6298,0.20277672287912107,0.8519853871461384,0.8519853871461384
6299,0.23586782738540135,0.7528711864182778,0.7528711864182778
6300,0.34754645002320106,0.5361531369941168,0.5361531369941168
6301,-0.48911518892418737,0.3140303165217744,0.3140303165217744
6302,0.9160656052727578,0.48898909841194615,0.48898909841194615
6303,0.46375380387886156,0.2867330278092507,0.2867330278092507
6304,-0.41768231217336727,0.44071356055313937,0.44071356055313937
6305,0.3624419922951292,0.5529367769181083,0.5529367769181083
6306,0.1775117154733501,0.8353151862853971,0.8353151862853971
6307,-0.6185575733638835,0.06407370092579753,0.06407370092579753
6308,-0.10328846023960003,1.0238043613533137,1.0238043613533137
6309,0.8194572062471905,0.19908233751089588,0.19908233751089588
6310,0.8127916334985295,0.14960783316615198,0.14960783316615198
6311,0.5085876542144097,0.3014503711279545,0.3014503711279545
6312,-0.3355862424758127,0.6365224675150998,0.6365224675150998
6313,-0.09165450323524205,0.978659810868581,0.978659810868581
6314,0.6295074334264326,0.06311418098841995,0.06311418098841995
6315,0.5401423894013493,0.2176410974880428,0.2176410974880428
6316,-0.6323007742658455,0.047343480268476915,0.047343480268476915
6317,0.25823976858824116,0.7298253255416699,0.7298253255416699
6318,0.09773657628343102,1.0073328194704934,1.0073328194704934
6319,0.015091307089266204,0.9535352130528736,0.9535352130528736
6320,0.28768432542221345,0.6844485523110733,0.6844485523110733
6321,0.4178560522296777,0.48160201760207666,0.48160201760207666
6322,0.537138319623188,0.1507043954876249,0.1507043954876249
6323,-0.07964452305332803,1.0142656175175917,1.0142656175175917
6324,0.0668060169465503,1.1321788906434473,1.1321788906434473
6325,-0.04425036040511321,1.0526582835334843,1.0526582835334843
6326,0.7456595077082973,0.061936802873439584,0.061936802873439584
6327,0.5870535565370825,0.10172357723977177,0.10172357723977177
6328,-0.03908427219373123,1.046144844021698,1.046144844021698
6329,0.7694140755861509,0.04596205304613535,0.04596205304613535
6330,-0.19138650664406187,0.7866613795970555,0.7866613795970555
6331,-0.509757184166038,0.24496957926892637,0.24496957926892637
6332,-0.43486964882460444,0.48886660716275787,0.48886660716275787
6333,-0.44140085736239154,0.37618121381974523,0.37618121381974523
6334,0.4261118566871551,0.36032039732330734,0.36032039732330734
6335,-0.8779190025488801,0.21736273474253942,0.21736273474253942
6336,-0.7063400673673565,-0.00680289939899874,-0.00680289939899874
6337,-0.4252696864295018,0.37513731129250216,0.37513731129250216
6338,0.6546096406423374,-0.02993194625605931,-0.02993194625605931
6339,0.5774030721451975,0.1244200091697348,0.1244200091697348
6340,0.95788318429657,0.6747228924282644,0.6747228924282644
6341,0.22490702224103076,0.7796084233793654,0.7796084233793654
6342,-0.8591617621894811,0.284519154558561,0.284519154558561
6343,-0.4298090775460035,0.3520567245052719,0.3520567245052719
6344,0.34876103076412157,0.6396441987643935,0.6396441987643935
6345,-0.04026520134947442,1.0873124424900114,1.0873124424900114
6346,0.31424298718325683,0.7106853447397506,0.7106853447397506
6347,-0.5461638582405157,0.16183374525680236,0.16183374525680236
6348,0.46388821303496885,0.32707885741774834,0.32707885741774834
6349,-0.9082606917831753,0.4102467916797652,0.4102467916797652
6350,-0.3225874977169494,0.56602238800971,0.56602238800971
6351,0.8931604223909795,0.2730800326593231,0.2730800326593231
6352,-0.725336443507802,-0.019041028079680562,-0.019041028079680562
6353,-0.5065482754746062,0.21311259942913902,0.21311259942913902
6354,0.5832984683075013,0.03860151831629509,0.03860151831629509
6355,0.8846419519504878,0.3460733115827952,0.3460733115827952
6356,0.49021604035944444,0.3542255614768425,0.3542255614768425
6357,-0.966905062091707,0.7443531063612472,0.7443531063612472
6358,0.34314840299624305,0.6017706112169672,0.6017706112169672
6359,0.1803958640422938,0.8961610610681634,0.8961610610681634
6360,-0.6222682274396969,0.024351288067472398,0.024351288067472398
6361,-0.06567783411195016,0.9855808975223683,0.9855808975223683
6362,-0.4530959164235684,0.33038630284747345,0.33038630284747345
6363,0.3359478553021231,0.5706390410244027,0.5706390410244027
6364,0.5490635770422079,0.16542228947928306,0.16542228947928306
6365,0.20972468632392438,0.9579912329799506,0.9579912329799506
6366,-0.6415990842125818,0.002741005594801154,0.002741005594801154
6367,0.49558328606389823,0.2379284569362747,0.2379284569362747
6368,-0.24672111748214354,0.8514146553101652,0.8514146553101652
6369,-0.5199396962654117,0.24683591976468927,0.24683591976468927
6370,-0.899205634157674,0.3710721452562865,0.3710721452562865
6371,-0.9509165810037541,0.6561489763770868,0.6561489763770868
6372,0.4565726306675886,0.3620062519912846,0.3620062519912846
6373,-0.8122260326914101,0.15212374412611834,0.15212374412611834
6374,-0.33161550635499526,0.5781964017214126,0.5781964017214126
6375,0.7316209205841762,-0.0007937914038634898,-0.0007937914038634898
6376,-0.5351197509730208,0.220719937038077,0.220719937038077
6377,-0.34425671502724486,0.553093653489443,0.553093653489443
6378,-0.5084342117611145,0.18882213105324389,0.18882213105324389
6379,0.05220403720045841,1.0637294511243078,1.0637294511243078
6380,-0.7719092964837928,0.015626221039067384,0.015626221039067384
6381,-0.03521909079876262,0.941027793514433,0.941027793514433
6382,-0.5027789896636405,0.2215048015874611,0.2215048015874611
6383,0.03814894730701224,1.013088912338548,1.013088912338548
6384,0.19349992440281039,0.7856161972172128,0.7856161972172128
6385,-0.030733512789991035,1.0137648744272478,1.0137648744272478
6386,0.8909319076369913,0.35046649746416164,0.35046649746416164
6387,0.5126086595891761,0.22661487670560027,0.22661487670560027
6388,0.9382191565767037,0.6601653680212294,0.6601653680212294
6389,-0.6421693182487558,0.0020713840059394563,0.0020713840059394563
6390,0.9637036350938188,0.7107601894726909,0.7107601894726909
6391,-0.6490136887752418,0.015070271038594067,0.015070271038594067
6392,0.24461331653858376,0.7844676849547806,0.7844676849547806
6393,0.9414685113851855,0.6238181648862005,0.6238181648862005
6394,0.025643851931571815,1.0151474998469916,1.0151474998469916
6395,-0.6162015002754768,0.015194765720045682,0.015194765720045682
6396,0.6917800437526818,0.038724505236649345,0.038724505236649345
6397,0.5359185017352397,0.21827494188624738,0.21827494188624738
6398,-0.27722387344177046,0.6670756982697166,0.6670756982697166
6399,-0.046986550561888274,0.9295669684492686,0.9295669684492686
6400,0.8784084622731518,0.3570403670934463,0.3570403670934463
6401,-0.30869282922281394,0.6366390285445511,0.6366390285445511
6402,0.2686171661589347,0.713986636618674,0.713986636618674
6403,-0.5393736702091314,0.18036875157004822,0.18036875157004822
6404,-0.23490213964598272,0.7864852287475068,0.7864852287475068
6405,-0.7739715689915765,0.04570857184789209,0.04570857184789209
6406,-0.49001708106595854,0.3560880443359391,0.3560880443359391
6407,0.3275359363613142,0.6054491615373206,0.6054491615373206
6408,-0.6997648722452996,0.02170708931444683,0.02170708931444683
6409,-0.571484987942193,0.12209610045684549,0.12209610045684549
6410,0.48536111677288973,0.3087782255259525,0.3087782255259525
6411,-0.2000462671724239,0.7710747853015473,0.7710747853015473
6412,0.6113981461335594,0.1335178900283308,0.1335178900283308
6413,0.6102651048688608,0.05940308053751281,0.05940308053751281
6414,-0.2809506602937304,0.6585588016655692,0.6585588016655692
6415,0.5488585808185591,0.11469362229423069,0.11469362229423069
6416,-0.7030916968519356,0.028683690827078112,0.028683690827078112
6417,0.8278159451253917,0.09795479324272365,0.09795479324272365
6418,-0.2635686505055421,0.7470251859475835,0.7470251859475835
6419,0.5185709326417294,0.14530429980996112,0.14530429980996112
6420,-0.7193739373406849,-0.013461863724882556,-0.013461863724882556
6421,0.1654612772356654,0.8345440158802907,0.8345440158802907
6422,-0.8367134923219139,0.2774803969006112,0.2774803969006112
6423,0.8022273262914994,0.0581713724063716,0.0581713724063716
6424,-0.8305572145269107,0.1248245075307893,0.1248245075307893
6425,0.33514991402460703,0.7212413923306029,0.7212413923306029
6426,0.788389654915199,0.03309715483905975,0.03309715483905975
6427,0.5128286007380367,0.2129855292958292,0.2129855292958292
6428,0.48144276888157256,0.25553026145325786,0.25553026145325786
6429,-0.35340350891336225,0.5401063100270067,0.5401063100270067
6430,0.7494426853186682,0.07191223990323098,0.07191223990323098
6431,0.20538061517593542,0.8613568805223204,0.8613568805223204
6432,0.4621422518963725,0.27477182879537543,0.27477182879537543
6433,-0.1704031278163165,0.9992780695953041,0.9992780695953041
6434,0.6495553671032659,0.018909128169821852,0.018909128169821852
6435,-0.9569015104660601,0.6360538534065574,0.6360538534065574
6436,0.3700607797565163,0.5703741975791862,0.5703741975791862
6437,0.4063420015004586,0.40330666051670117,0.40330666051670117
6438,0.2654672033343042,0.6713231879871927,0.6713231879871927
6439,0.9688355589177107,0.7917963903273391,0.7917963903273391
6440,0.6020839272624661,0.186367222668476,0.186367222668476
6441,-0.6641000880839034,0.04702118087674545,0.04702118087674545
6442,0.19687701398053603,0.9030384476273977,0.9030384476273977
6443,0.5410596110244297,0.15505141552566454,0.15505141552566454
6444,0.4553525535019136,0.31509299691872894,0.31509299691872894
6445,-0.92716223118343,0.5178533959043037,0.5178533959043037
6446,-0.605382919567264,0.035581884711476594,0.035581884711476594
6447,-0.7797448137190248,0.0022142487439897815,0.0022142487439897815
6448,-0.7147816658042956,0.04048301597625165,0.04048301597625165
6449,0.8431623347022092,0.1570848317328286,0.1570848317328286
6450,-0.23023886995414422,0.8389632360463113,0.8389632360463113
6451,0.7210235718696214,-0.021002163904504937,-0.021002163904504937
6452,0.3917533628060439,0.584929525163222,0.584929525163222
6453,-0.9648184938149409,0.7681943834076409,0.7681943834076409
6454,0.9105817303456842,0.4304315632354981,0.4304315632354981
6455,-0.157051251431235,1.0014897188682774,1.0014897188682774
6456,0.7836870397523616,0.03161873711878246,0.03161873711878246
6457,0.9008012694935381,0.34548497144366924,0.34548497144366924
6458,0.13836139448278084,0.8393399810845339,0.8393399810845339
6459,-0.551001268270018,0.17131383142810813,0.17131383142810813
6460,-0.6181926187780322,-0.03530135945272836,-0.03530135945272836
6461,0.5129282289230179,0.24921110507740032,0.24921110507740032
6462,0.4738210062751027,0.2836415999516754,0.2836415999516754
6463,0.6093425138039852,0.017366644983075274,0.017366644983075274
6464,-0.20856039177685015,0.8582856561812621,0.8582856561812621
6465,-0.09826846743105544,1.0097341887808913,1.0097341887808913
6466,0.6129525115903969,0.06919391105469111,0.06919391105469111
6467,0.13518275531083068,0.8709105689418566,0.8709105689418566
6468,-0.765173827622071,0.004420583290274106,0.004420583290274106
6469,-0.8942918888963349,0.3824770293443298,0.3824770293443298
6470,-0.8272752436478301,0.09043213868723379,0.09043213868723379
6471,0.17371272909001645,0.8855430788562756,0.8855430788562756
6472,-0.36414660103160457,0.5575176623643722,0.5575176623643722
6473,-0.4518197360079945,0.3112344636319224,0.3112344636319224
6474,0.6415801822731961,0.032103583584858125,0.032103583584858125
6475,-0.7136612642266975,-0.11917111414108435,-0.11917111414108435
6476,-0.3998983889658776,0.5072943177486612,0.5072943177486612
6477,0.7776439313762797,0.030489775917131097,0.030489775917131097
6478,-0.40524604907889983,0.43128456823620825,0.43128456823620825
6479,0.4580212563915034,0.281311154643769,0.281311154643769
6480,0.7004141206956525,0.06688401453544443,0.06688401453544443
6481,-0.6109000250332328,0.02395187872483058,0.02395187872483058
6482,-0.7714073331788611,-0.0193107662697298,-0.0193107662697298
6483,-0.015104917632322579,0.9525239438881042,0.9525239438881042
6484,0.3416271738593326,0.6223811901829199,0.6223811901829199
6485,-0.6983042756813749,-0.0529856551052426,-0.0529856551052426
6486,0.2654226385441487,0.7357222841695636,0.7357222841695636
6487,0.4477818478715643,0.2942719166161697,0.2942719166161697
6488,0.5914464265842903,0.07273884740260672,0.07273884740260672
6489,-0.501768570303605,0.243208324130615,0.243208324130615
6490,-0.020581439384054212,1.0672547655822593,1.0672547655822593
6491,-0.15498489009858152,0.8414434648733037,0.8414434648733037
6492,0.7162289722939237,0.00016799933169371628,0.00016799933169371628
6493,-0.600837509318183,0.08702936921035558,0.08702936921035558
6494,0.009704306313242705,1.0484349547912366,1.0484349547912366
6495,-0.23788940381307233,0.788736568397345,0.788736568397345
6496,-0.9737556713250506,0.7259995925295476,0.7259995925295476
6497,0.14630725694876334,0.948913252758579,0.948913252758579
6498,-0.7058165975112447,0.020695399012069068,0.020695399012069068
6499,-0.7671644057998468,0.08856832857055204,0.08856832857055204
6500,0.07914575666872081,1.0162725671884043,1.0162725671884043
6501,-0.7582756419214012,0.03577243269970258,0.03577243269970258
6502,-0.7644083200890985,0.07112020364893133,0.07112020364893133
6503,-0.9111183195621562,0.48147516815524116,0.48147516815524116
6504,-0.02914520076864835,0.9683344286431648,0.9683344286431648
6505,0.8054913341520877,0.10475818851963631,0.10475818851963631
6506,-0.12602251672638776,0.9538110509827757,0.9538110509827757
6507,0.4585722388867288,0.411630520189482,0.411630520189482
6508,-0.06837875156430151,0.9517042751123939,0.9517042751123939
6509,-0.9455241759635515,0.6801555963948948,0.6801555963948948
6510,0.9192553596132969,0.5159530819619659,0.5159530819619659
6511,-0.04166874629824546,0.9309829266228729,0.9309829266228729
6512,0.2620307787472549,0.7632176381835644,0.7632176381835644
6513,-0.2149372388181061,0.8818867701137,0.8818867701137
6514,0.19065001691691452,0.7849151494348484,0.7849151494348484
6515,0.11813577304391787,0.8762143828135914,0.8762143828135914
6516,0.7294380568800058,-0.012630106465460391,-0.012630106465460391
6517,0.9945549768473962,0.9781025286206757,0.9781025286206757
6518,0.9437746529421098,0.6069796921221101,0.6069796921221101
6519,-0.9851926567285088,0.9252775591063993,0.9252775591063993
6520,-0.012509012868798797,0.9674125364680701,0.9674125364680701
6521,0.8173536723397465,0.09067670296429349,0.09067670296429349
6522,-0.332324095394386,0.6384053501762851,0.6384053501762851
6523,-0.4931549100179127,0.2395990512834726,0.2395990512834726
6524,-0.7104146992217995,0.015509552075547635,0.015509552075547635
6525,0.7222107019476087,0.10889407018830996,0.10889407018830996
6526,0.40237620360551474,0.4716870469053669,0.4716870469053669
6527,-0.3952375674281132,0.4905618397707445,0.4905618397707445
6528,-0.5854221915392477,0.08693860482694166,0.08693860482694166
6529,-0.3080363211827275,0.6807346596788563,0.6807346596788563
6530,0.5174973970260348,0.20539353971914273,0.20539353971914273
6531,0.37003274600834635,0.4604506537639166,0.4604506537639166
6532,0.7545811049123643,0.02558129284066514,0.02558129284066514
6533,-0.44248934647276794,0.3408787391344179,0.3408787391344179
6534,-0.9272599835572661,0.5570928660098245,0.5570928660098245
6535,-0.267139770135556,0.6210326270665002,0.6210326270665002
6536,-0.477913151307227,0.30267868855709973,0.30267868855709973
6537,-0.9412559290737135,0.5637413530624192,0.5637413530624192
6538,0.19798476146481692,0.834045045296946,0.834045045296946
6539,-0.7228396250148863,0.011245084834515601,0.011245084834515601
6540,-0.18087133862009863,0.9090191537223171,0.9090191537223171
6541,0.25309842998838805,0.7136805869093694,0.7136805869093694
6542,0.49729356279329084,0.3152421227538594,0.3152421227538594
6543,0.6244744614605835,0.04113919828486885,0.04113919828486885
6544,0.2937243466725332,0.6772928159129115,0.6772928159129115
6545,0.8791732357842861,0.29543105434385614,0.29543105434385614
6546,0.8213105156530154,0.1388111002005181,0.1388111002005181
6547,0.4522514442152463,0.259980419362873,0.259980419362873
6548,-0.19388439072728403,0.8187644637714528,0.8187644637714528
6549,0.8121745683788688,0.10473407978812509,0.10473407978812509
6550,-0.3266619678797089,0.6295716212910923,0.6295716212910923
6551,-0.47812756234071174,0.2615743140815064,0.2615743140815064
6552,-0.04137555869134513,0.8728950844645013,0.8728950844645013
6553,0.6362828546819863,0.008514726104737518,0.008514726104737518
6554,-0.19108733264446265,0.9562389798377057,0.9562389798377057
6555,0.03815428325422432,1.065315180947289,1.065315180947289
6556,0.6823996769824721,-0.00857153936142463,-0.00857153936142463
6557,-0.07771592748290579,1.048859971128857,1.048859971128857
6558,0.12452163462773025,0.9948614073432936,0.9948614073432936
6559,0.8327313490728674,0.13256082934059144,0.13256082934059144
6560,-0.7509682645792584,0.02410983550760511,0.02410983550760511
6561,-0.8930493686562411,0.33636142245786654,0.33636142245786654
6562,-0.31635427016633,0.6994097572169957,0.6994097572169957
6563,0.32216977293034565,0.6432335593733227,0.6432335593733227
6564,-0.3861476506842554,0.4581333275110302,0.4581333275110302
6565,0.38504581047624153,0.5046233664904469,0.5046233664904469
6566,-0.9691710415815611,0.8641966031771899,0.8641966031771899
6567,0.75934385852459,0.03098761951145306,0.03098761951145306
6568,-0.31836365532756106,0.6271589977150662,0.6271589977150662
6569,0.07224345036128366,0.8963181121798595,0.8963181121798595
6570,0.056225343491529856,0.9879641531585246,0.9879641531585246
6571,-0.4453749992794165,0.2687319967601448,0.2687319967601448
6572,0.2883860118772321,0.7768875297525105,0.7768875297525105
6573,-0.8415593781267274,0.20789310183809034,0.20789310183809034
6574,-0.8420213923272106,0.21127171087724592,0.21127171087724592
6575,0.4141545841640215,0.3187172151304888,0.3187172151304888
6576,-0.5392873643193186,0.18365629707910192,0.18365629707910192
6577,-0.6677574144313254,-0.0897113818930994,-0.0897113818930994
6578,-0.6124106094767663,0.09048845379419994,0.09048845379419994
6579,-0.757556556069475,0.08277131468988044,0.08277131468988044
6580,-0.6702481860286384,0.000952445310322526,0.000952445310322526
6581,-0.9751118991553323,0.85347805108393,0.85347805108393
6582,-0.9617036319199572,0.7383229436068327,0.7383229436068327
6583,-0.3833635417066332,0.553360696532412,0.553360696532412
6584,-0.39751466487353904,0.4541963684081014,0.4541963684081014
6585,0.7137626660607512,0.09544351553056167,0.09544351553056167
6586,0.8941082574639605,0.3429203989509546,0.3429203989509546
6587,0.1690932880981295,0.8681925948929838,0.8681925948929838
6588,-0.29966997087780256,0.6998444178012828,0.6998444178012828
6589,-0.09934654035007129,0.9276070592064706,0.9276070592064706
6590,0.005810058436928278,0.935955639017306,0.935955639017306
6591,0.7341927927421641,-0.06818112520462152,-0.06818112520462152
6592,0.3476624727694102,0.6272401655769317,0.6272401655769317
6593,-0.3134486451859262,0.6707667564594064,0.6707667564594064
6594,-0.190094838263962,0.885714907145567,0.885714907145567
6595,-0.8015666660238128,0.054159086557249866,0.054159086557249866
6596,-0.407099975501513,0.46072608857002595,0.46072608857002595
6597,0.8080743231803151,0.10653297190355392,0.10653297190355392
6598,-0.06367613391932281,0.9404567474344276,0.9404567474344276
6599,0.9274172314054563,0.5895064021266185,0.5895064021266185
6600,-0.4003295264349671,0.40192552746957677,0.40192552746957677
6601,0.1522826821263601,0.817912648758621,0.817912648758621
6602,0.03692662582258377,0.9978145851393001,0.9978145851393001
6603,-0.34621764982492786,0.6014242299408551,0.6014242299408551
6604,-0.37227523135530904,0.5052702996328626,0.5052702996328626
6605,-0.6387216515909213,0.05653995916023388,0.05653995916023388
6606,0.04841445361648522,1.0282928173727417,1.0282928173727417
6607,-0.5913656901711728,0.054717470245102214,0.054717470245102214
6608,-0.5691856341713841,0.12106536422606752,0.12106536422606752
6609,-0.588106614821414,0.0772496610428403,0.0772496610428403
6610,0.8069785261625593,0.08913784427223195,0.08913784427223195
6611,-0.3330734810054494,0.6390240043306356,0.6390240043306356
6612,-0.14336581355970335,0.946769851721748,0.946769851721748
6613,0.28290387077948487,0.6193660956064853,0.6193660956064853
6614,0.24008424880417878,0.8347817196821985,0.8347817196821985
6615,0.1361828608616038,0.9023748884191422,0.9023748884191422
6616,-0.9815133931932447,0.8196336883064439,0.8196336883064439
6617,0.9380261230609879,0.6546227366023021,0.6546227366023021
6618,-0.06578229681938952,1.0341671308483296,1.0341671308483296
6619,0.045640851903888,1.0527460276184917,1.0527460276184917
6620,-0.264057731116079,0.7187383349971522,0.7187383349971522
6621,-0.9075805844710656,0.4526169931436083,0.4526169931436083
6622,-0.8936069714440424,0.3820486020700056,0.3820486020700056
6623,-0.4821828245370423,0.33319587367130366,0.33319587367130366
6624,0.3487176776974692,0.5582049665775359,0.5582049665775359
6625,0.6227331432686138,0.021732237602890524,0.021732237602890524
6626,0.24381707770838235,0.8110292498223172,0.8110292498223172
6627,0.7869113749211714,0.1307160926103808,0.1307160926103808
6628,0.564772567101713,0.12507509895728483,0.12507509895728483
6629,-0.1304694149379455,0.9052803071780353,0.9052803071780353
6630,-0.47601327382715297,0.2099003270858925,0.2099003270858925
6631,-0.4224203659357211,0.36298515725416547,0.36298515725416547
6632,0.33564534674094615,0.6355961763730917,0.6355961763730917
6633,-0.6481615170452775,-0.012705537332616909,-0.012705537332616909
6634,-0.3618235096386737,0.5553824584124866,0.5553824584124866
6635,0.8720577105797218,0.35643656211390123,0.35643656211390123
6636,0.6379882415592231,0.07099974440430255,0.07099974440430255
6637,0.6913830350761003,-0.006052508890672667,-0.006052508890672667
6638,0.5524591978107938,0.20876323979515116,0.20876323979515116
6639,0.4266116390542638,0.4073664071316219,0.4073664071316219
6640,0.8631059691641971,0.19724362505942247,0.19724362505942247
6641,-0.030710134819554424,1.0352047424272939,1.0352047424272939
6642,0.9831616594110228,0.9344199181127799,0.9344199181127799
6643,0.482184896138635,0.3513165506442995,0.3513165506442995
6644,0.6312771350742052,-0.0058565086576086445,-0.0058565086576086445
6645,0.1610271336754927,0.9177611833221825,0.9177611833221825
6646,0.8336798086557515,0.0492248005043707,0.0492248005043707
6647,0.7747405358232469,0.026066800676117705,0.026066800676117705
6648,-0.12516231762346908,0.9930852159598975,0.9930852159598975
6649,-0.9625194604627516,0.7338779550057059,0.7338779550057059
6650,-0.9724156617355466,0.8017066492051174,0.8017066492051174
6651,0.4545403341113088,0.3459475422425505,0.3459475422425505
6652,0.6487985045717692,0.08683877394656213,0.08683877394656213
6653,-0.8360019057309627,0.08870288290777671,0.08870288290777671
6654,-0.015020636055510739,0.9720656123751027,0.9720656123751027
6655,-0.6642643618959605,-0.11941811380018001,-0.11941811380018001
6656,0.406320943383252,0.4394783297863236,0.4394783297863236
6657,0.6009398829801194,0.026703036173993465,0.026703036173993465
6658,0.6896815299227703,0.010289652685605792,0.010289652685605792
6659,0.943833411459579,0.5612287216960379,0.5612287216960379
6660,0.033607125559282025,1.0202252650222605,1.0202252650222605
6661,0.8607155769944568,0.25927014500665874,0.25927014500665874
6662,0.47843394097342395,0.3414589412037414,0.3414589412037414
6663,-0.06028267808410015,0.943565591251805,0.943565591251805
6664,-0.9021542088806185,0.32860895173291893,0.32860895173291893
6665,0.8788120034983058,0.30885143064651144,0.30885143064651144
6666,-0.157091627194472,0.9430640690967068,0.9430640690967068
6667,-0.3128897340099537,0.6573463377094885,0.6573463377094885
6668,0.9447766870654188,0.6502576693519578,0.6502576693519578
6669,0.11814950742853148,0.9327203005064406,0.9327203005064406
6670,0.14849018298997452,0.9408725903262962,0.9408725903262962
6671,0.718404039424936,-0.02391323581951989,-0.02391323581951989
6672,0.3367031061510115,0.6767185180103636,0.6767185180103636
6673,-0.017769860621472233,0.913261762438739,0.913261762438739
6674,0.7469925878679871,0.10871192409611798,0.10871192409611798
6675,0.032597459180434996,0.9564991837264787,0.9564991837264787
6676,-0.8269890178221502,0.2504697460740015,0.2504697460740015
6677,-0.36488856743332354,0.527336990056626,0.527336990056626
6678,0.48245345199650247,0.285359056695499,0.285359056695499
6679,0.13596380257894247,0.8875813913365016,0.8875813913365016
6680,-0.44608439945516287,0.4949661594956684,0.4949661594956684
6681,0.09753721182205433,0.8681687740727357,0.8681687740727357
6682,0.4278479112709541,0.374750273843993,0.374750273843993
6683,0.8066813957637129,0.08622999851072156,0.08622999851072156
6684,0.6713338332677903,0.0029924287238449494,0.0029924287238449494
6685,0.8523373443148996,0.200703393867795,0.200703393867795
6686,0.20439501615482847,0.8219229992695246,0.8219229992695246
6687,-0.3987695672244367,0.49016921440668926,0.49016921440668926
6688,0.9870059655420516,0.8628378872797262,0.8628378872797262
6689,-0.2785835323067838,0.7142892042260167,0.7142892042260167
6690,0.35794784815664205,0.5254548069528288,0.5254548069528288
6691,-0.8097023908532155,0.08697864819145024,0.08697864819145024
6692,-0.2066052806752703,0.8662328958427848,0.8662328958427848
6693,-0.8223913993925536,0.16642425896352772,0.16642425896352772
6694,-0.3827334259758175,0.6177485987545477,0.6177485987545477
6695,-0.57958786124595,0.12497285693139518,0.12497285693139518
6696,0.18033266640650236,0.919684696101279,0.919684696101279
6697,-0.3963590335713649,0.48075183695368845,0.48075183695368845
6698,-0.9949006783393639,0.9842834042499341,0.9842834042499341
6699,-0.19121208305865767,0.8470061948144536,0.8470061948144536
6700,-0.9080640629944543,0.39198465818913975,0.39198465818913975
6701,0.8388847981115977,0.1641465453782104,0.1641465453782104
6702,-0.22595275946953808,0.814251958232216,0.814251958232216
6703,-0.09332836315028858,0.917323771830197,0.917323771830197
6704,-0.24981152855872213,0.8303148494132735,0.8303148494132735
6705,0.5944358150513422,0.13002315483931542,0.13002315483931542
6706,-0.7960087590980489,0.1511203585125367,0.1511203585125367
6707,0.9601045477951098,0.7046745759808981,0.7046745759808981
6708,-0.30032451008439076,0.7562572910253963,0.7562572910253963
6709,-0.9860629204265035,0.9230588401878255,0.9230588401878255
6710,-0.6854420465317339,-0.007021582427783828,-0.007021582427783828
6711,-0.8022414830751781,0.19060758400427666,0.19060758400427666
6712,0.6476005832676244,0.04816282335358345,0.04816282335358345
6713,0.7015514956169497,-0.10270140814335954,-0.10270140814335954
6714,-0.4367547583011073,0.42746947593057866,0.42746947593057866
6715,-0.3412204965434924,0.5977690921079065,0.5977690921079065
6716,-0.6216669832545401,0.03473706445946716,0.03473706445946716
6717,0.7521946536339663,-0.07496708023500169,-0.07496708023500169
6718,-0.6677985904648189,0.047980166000084354,0.047980166000084354
6719,-0.05074418951088555,1.0155003481296339,1.0155003481296339
6720,0.6821235417543212,0.02899318352662761,0.02899318352662761
6721,0.5296434239761709,0.14801675972173053,0.14801675972173053
6722,-0.5247567600706717,0.23904275647681572,0.23904275647681572
6723,0.7841627461350629,0.03584662162305817,0.03584662162305817
6724,-0.601241600769109,0.09613887881364824,0.09613887881364824
6725,-0.41191752730736897,0.4465310476582583,0.4465310476582583
6726,-0.6986730229524716,0.047663493410950115,0.047663493410950115
6727,-0.8244387256410528,0.11525083576553655,0.11525083576553655
6728,-0.36724735367424066,0.5324708828680057,0.5324708828680057
6729,0.36987944059267464,0.5950162840215484,0.5950162840215484
6730,0.35104584151863194,0.5298744154151281,0.5298744154151281
6731,-0.7638806376643057,0.07569152244530954,0.07569152244530954
6732,0.9827219138597363,0.8544434950167118,0.8544434950167118
6733,0.12715830949793516,0.9037331342165652,0.9037331342165652
6734,-0.4248999352535856,0.4206646161649142,0.4206646161649142
6735,0.1758662181838042,0.8062950570749184,0.8062950570749184
6736,0.8015322768536337,0.10011292745686308,0.10011292745686308
6737,0.2686639425407682,0.767020011978389,0.767020011978389
6738,-0.116510085913067,0.9262592730708539,0.9262592730708539
6739,0.47150539721045415,0.3658416239893833,0.3658416239893833
6740,-0.36960096338008475,0.49090416971841494,0.49090416971841494
6741,-0.3880779729309427,0.4898050500356272,0.4898050500356272
6742,-0.3176374043110304,0.7587153375626472,0.7587153375626472
6743,-0.9002909277072659,0.4322881806218788,0.4322881806218788
6744,0.2905149456332774,0.6174680111234042,0.6174680111234042
6745,0.7271332524775556,0.012018205185153334,0.012018205185153334
6746,-0.05335847450771669,1.0678580946986187,1.0678580946986187
6747,0.467462356523068,0.3378254205997931,0.3378254205997931
6748,-0.15522056984441113,0.8921584001806341,0.8921584001806341
6749,-0.35530594450210295,0.6287070545001301,0.6287070545001301
6750,0.44118524608605414,0.3994339814588122,0.3994339814588122
6751,0.19899787747656061,0.8114657203052136,0.8114657203052136
6752,-0.20075012537871517,0.9712351038255684,0.9712351038255684
6753,-0.8080309227673386,0.04639322151176596,0.04639322151176596
6754,-0.4474181858762145,0.35996096238894654,0.35996096238894654
6755,0.6926373907309291,0.10239678893974721,0.10239678893974721
6756,0.9658664573939566,0.7463533499269372,0.7463533499269372
6757,-0.8022626111218405,0.04254117465010683,0.04254117465010683
6758,-0.061490999805846824,0.9928327361542602,0.9928327361542602
6759,-0.7848490848350005,-0.0014959487666454593,-0.0014959487666454593
6760,0.8055780765427598,0.042208575154321644,0.042208575154321644
6761,-0.6747142482669339,0.010745819117499687,0.010745819117499687
6762,-0.6950626386899643,-0.025059899597753118,-0.025059899597753118
6763,-0.0203391155775674,0.9718103182261341,0.9718103182261341
6764,0.2494268410514473,0.7052959569790018,0.7052959569790018
6765,-0.4848124828618383,0.27036559095254104,0.27036559095254104
6766,0.7340408905269971,0.0032290992893876085,0.0032290992893876085
6767,-0.6432615601152079,0.021132500092110377,0.021132500092110377
6768,-0.42086816408619465,0.4005974301863089,0.4005974301863089
6769,0.6440883188629878,-0.012704833149472069,-0.012704833149472069
6770,0.4811715212829484,0.23148939261024631,0.23148939261024631
6771,-0.6358026099097016,0.015641251833322725,0.015641251833322725
6772,0.21359175710591471,0.8694400563601598,0.8694400563601598
6773,-0.20568997174395065,0.8044505248666588,0.8044505248666588
6774,-0.5168089314310249,0.19619595785086763,0.19619595785086763
6775,0.20512261972382828,0.8153891240514264,0.8153891240514264
6776,0.8259606338332208,0.15270778349508524,0.15270778349508524
6777,-0.7933889477945046,0.11824756651132184,0.11824756651132184
6778,0.15859724199789604,0.9237352484725136,0.9237352484725136
6779,-0.4015207599869177,0.3735741281380518,0.3735741281380518
6780,0.047240757536628264,1.0499625853623902,1.0499625853623902
6781,-0.5785884612755507,0.14967778838909496,0.14967778838909496
6782,0.05292832796169078,1.0040862750273403,1.0040862750273403
6783,0.7317316168127375,-0.11189544633401224,-0.11189544633401224
6784,-0.39405760602840334,0.5207381801755117,0.5207381801755117
6785,0.36419707748230246,0.5914630448339638,0.5914630448339638
6786,-0.16275518273932965,0.8522793065221654,0.8522793065221654
6787,-0.810870817081268,0.13140982145512692,0.13140982145512692
6788,0.2926892965123826,0.7033602369689106,0.7033602369689106
6789,0.9621259711233099,0.6906293138172067,0.6906293138172067
6790,-0.27550282940016224,0.8305752129240627,0.8305752129240627
6791,-0.5195353357698784,0.1780048743424914,0.1780048743424914
6792,0.02943544411624499,0.9869950167532104,0.9869950167532104
6793,0.34407954293337584,0.5960026353818961,0.5960026353818961
6794,0.2430235018680642,0.7748190515310531,0.7748190515310531
6795,-0.3177388253403659,0.6919991225782718,0.6919991225782718
6796,0.04600448577808902,1.0107219764473867,1.0107219764473867
6797,0.35036778372094424,0.6087802353142877,0.6087802353142877
6798,-0.8731706135368091,0.2824382286748049,0.2824382286748049
6799,0.7859037061425189,0.05630027609284846,0.05630027609284846
6800,0.01745578677958659,1.0182188333190407,1.0182188333190407
6801,-0.2457493609344128,0.6931867376974845,0.6931867376974845
6802,0.3810283353475943,0.49412644327038047,0.49412644327038047
6803,0.05449292721125576,1.0264559400919306,1.0264559400919306
6804,-0.060050245767514276,1.0653445210585288,1.0653445210585288
6805,0.13085489666959904,0.9734078311674726,0.9734078311674726
6806,-0.9193642866396232,0.41212459732144624,0.41212459732144624
6807,-0.6759407752858411,-0.03184632733432961,-0.03184632733432961
6808,-0.3895233434056584,0.5227069933133732,0.5227069933133732
6809,0.5275313682647651,0.14179864970065867,0.14179864970065867
6810,0.4538970986572466,0.37364494229918516,0.37364494229918516
6811,-0.9135425101045564,0.34851144969751446,0.34851144969751446
6812,0.734368685229275,0.04622744702443872,0.04622744702443872
6813,0.4046854996907132,0.48610103396417814,0.48610103396417814
6814,-0.5579940610159217,0.08998252595664671,0.08998252595664671
6815,0.15565950428462938,1.0383715551132595,1.0383715551132595
6816,0.23334720401521714,0.8245656601659285,0.8245656601659285
6817,0.24247749574319566,0.8122652714719164,0.8122652714719164
6818,0.45446641462951987,0.3375540273155367,0.3375540273155367
6819,-0.24932926346237516,0.8345971083424366,0.8345971083424366
6820,0.03915816661185412,0.9941912441365987,0.9941912441365987
6821,-0.7689579850718133,-0.012019222421899553,-0.012019222421899553
6822,0.5010190722572407,0.23908770930448153,0.23908770930448153
6823,-0.7860400094939735,0.0722671403796972,0.0722671403796972
6824,0.27715658752509875,0.722743603000852,0.722743603000852
6825,-0.29818967759937887,0.7479147621527916,0.7479147621527916
6826,0.012144125695752628,0.9899978247379682,0.9899978247379682
6827,-0.06691116666055641,0.9854559158807941,0.9854559158807941
6828,-0.9146070414794312,0.4856452651357861,0.4856452651357861
6829,0.3164085797526237,0.5537613694448188,0.5537613694448188
6830,-0.5512373770446501,0.08337553713055523,0.08337553713055523
6831,0.0910556106192022,0.9340896568885466,0.9340896568885466
6832,0.2758927722989437,0.7075565682599037,0.7075565682599037
6833,-0.07427937982879618,1.054583176615063,1.054583176615063
6834,-0.6293831803612984,0.022985905943629044,0.022985905943629044
6835,0.132912378591588,0.8988349369021459,0.8988349369021459
6836,0.10430253836451753,0.8605992396068496,0.8605992396068496
6837,0.2724840565779749,0.7283803756198235,0.7283803756198235
6838,-0.5817174031890928,0.14719777356673872,0.14719777356673872
6839,0.3513389737236279,0.5421440229456302,0.5421440229456302
6840,0.12873814142334083,0.8739624616685029,0.8739624616685029
6841,-0.44195291998669517,0.4084533638655924,0.4084533638655924
6842,0.277834704097651,0.7696721312999129,0.7696721312999129
6843,-0.7330648270787101,-0.002739018998118039,-0.002739018998118039
6844,-0.09259079626299593,1.0688850764866338,1.0688850764866338
6845,0.13194372591016323,0.9083696378675498,0.9083696378675498
6846,-0.25258152112806886,0.7419038957353472,0.7419038957353472
6847,-0.9326692022663376,0.5813623477307769,0.5813623477307769
6848,-0.9019406464848891,0.3933321212942976,0.3933321212942976
6849,-0.6249243568516509,0.06086449303247654,0.06086449303247654
6850,0.6050470197344049,0.13345644897491823,0.13345644897491823
6851,0.9762555136371487,0.7345083247813557,0.7345083247813557
6852,-0.16239998087172447,0.9175759653214157,0.9175759653214157
6853,-0.7150466511866407,0.03265626888554951,0.03265626888554951
6854,0.22658278885749228,0.8606643972102825,0.8606643972102825
6855,0.6810684908979348,0.029384803403026953,0.029384803403026953
6856,0.6582787076220793,0.03782828261328469,0.03782828261328469
6857,-0.8313474970260206,0.14495349613043926,0.14495349613043926
6858,0.5696788798074615,0.10591813041033198,0.10591813041033198
6859,0.5869724431135634,0.1356704983034459,0.1356704983034459
6860,-0.7120873930359259,-0.014009426822338812,-0.014009426822338812
6861,0.8002324185383327,0.08209265652041815,0.08209265652041815
6862,0.042206288721771346,0.9510536183434671,0.9510536183434671
6863,0.13662613993548645,1.056426021536498,1.056426021536498
6864,-0.1421375646176768,0.9411896953876815,0.9411896953876815
6865,0.6377481833421466,0.09650346405348077,0.09650346405348077
6866,-0.5203389004064878,0.15725553476202198,0.15725553476202198
6867,-0.4750374510880295,0.3244245031511757,0.3244245031511757
6868,-0.9064722732480532,0.4667993400575934,0.4667993400575934
6869,0.04045520088092758,0.9559025053906833,0.9559025053906833
6870,-0.3108406072317227,0.5952195753613794,0.5952195753613794
6871,-0.46588618706570983,0.2903203431873008,0.2903203431873008
6872,0.4866849134005222,0.26105831775091737,0.26105831775091737
6873,-0.9723523710525475,0.7588408367305652,0.7588408367305652
6874,0.29535796249839463,0.7420052074119919,0.7420052074119919
6875,-0.9052531893585312,0.3532816751969337,0.3532816751969337
6876,0.9359913313855985,0.516467899322718,0.516467899322718
6877,0.796788631425438,0.15032971841562248,0.15032971841562248
6878,0.5356193448992106,0.20929353046832957,0.20929353046832957
6879,-0.9202920554879372,0.4583528056190363,0.4583528056190363
6880,-0.9016508272892503,0.47840593385054436,0.47840593385054436
6881,-0.9915298906679315,0.9207114818628633,0.9207114818628633
6882,0.8694774431741075,0.2705388968453962,0.2705388968453962
6883,0.20461395563759877,0.9692098829721765,0.9692098829721765
6884,0.6994373901280588,-0.037737537739696105,-0.037737537739696105
6885,0.7506515560116376,0.001505131180416605,0.001505131180416605
6886,-0.5429438973678458,0.12316011389500225,0.12316011389500225
6887,-0.10428031383843073,1.0253809077067837,1.0253809077067837
6888,0.44498174048163186,0.3336068413899085,0.3336068413899085
6889,-0.6118097182467821,-0.007873698721086425,-0.007873698721086425
6890,-0.9158761861883145,0.45064218515950505,0.45064218515950505
6891,0.5105293121036101,0.21977990403592262,0.21977990403592262
6892,0.1377307694779104,0.961071843806991,0.961071843806991
6893,-0.314524967915913,0.616341869929185,0.616341869929185
6894,0.22472328127673968,0.8693031013043436,0.8693031013043436
6895,0.776436309148127,-0.008889058115390765,-0.008889058115390765
6896,0.7360813086744591,-0.009181033560262102,-0.009181033560262102
6897,-0.377249706727967,0.5236616780949604,0.5236616780949604
6898,-0.2156862093875862,0.8400544651648496,0.8400544651648496
6899,0.8058082633790966,0.03202239061923506,0.03202239061923506
6900,0.9349443842911163,0.5793220033805422,0.5793220033805422
6901,0.042743586367140374,1.0204177674430575,1.0204177674430575
6902,-0.25093057130811314,0.8148977198609207,0.8148977198609207
6903,-0.6883628134162385,0.08698086867775076,0.08698086867775076
6904,-0.6304404608485485,0.08496380070490409,0.08496380070490409
6905,-0.650396610978407,0.019279879459843476,0.019279879459843476
6906,0.8242268896261391,0.10169113956744641,0.10169113956744641
6907,-0.11952627440380326,0.960826173488433,0.960826173488433
6908,0.40546141847372486,0.42933899734551023,0.42933899734551023
6909,-0.8404566229514432,0.1693249545789245,0.1693249545789245
6910,-0.2254902213940635,0.7500517265542009,0.7500517265542009
6911,0.6434509951894847,-0.12576254870080744,-0.12576254870080744
6912,0.013229001128373774,1.007444172899602,1.007444172899602
6913,-0.7407977574611251,-0.10836871404377071,-0.10836871404377071
6914,-0.6836287359561641,0.008098719869063766,0.008098719869063766
6915,0.410295784777583,0.4060835712295683,0.4060835712295683
6916,-0.5190953388334718,0.285922012127236,0.285922012127236
6917,-0.27383483733469527,0.6722275427530569,0.6722275427530569
6918,-0.2521067212155721,0.7828292389203529,0.7828292389203529
6919,-0.5664567512730432,0.18154124920684334,0.18154124920684334
6920,-0.2401551371977233,0.8105071430911875,0.8105071430911875
6921,0.44372654629322317,0.42188950014769805,0.42188950014769805
6922,-0.16286823714717102,0.9555556849654905,0.9555556849654905
6923,0.8632174819258016,0.2864425400934608,0.2864425400934608
6924,-0.2034408383479389,0.7715625951282642,0.7715625951282642
6925,0.4944998097587874,0.34104848361391005,0.34104848361391005
6926,-0.9806127752190912,0.8895418234862837,0.8895418234862837
6927,-0.8537718907410705,0.19489829560311248,0.19489829560311248
6928,0.6425786355906222,0.0678494102202389,0.0678494102202389
6929,0.7308944616350441,-0.021600041138994767,-0.021600041138994767
6930,0.6201515500436903,0.005454219569911822,0.005454219569911822
6931,-0.6647280799617068,-0.03952891065086428,-0.03952891065086428
6932,0.38860341959413525,0.5241910339539811,0.5241910339539811
6933,0.6255613369598556,0.10724902407679957,0.10724902407679957
6934,0.5970216207059651,0.07391790630064009,0.07391790630064009
6935,0.006550426547798249,0.9950233926846667,0.9950233926846667
6936,0.1225558034578591,0.9245892691309412,0.9245892691309412
6937,-0.6598333526949947,-0.0159740341398198,-0.0159740341398198
6938,0.09154800863912094,0.9298949195856748,0.9298949195856748
6939,-0.9855726892384489,0.8250008398106179,0.8250008398106179
6940,0.8781636824773853,0.29283632096699136,0.29283632096699136
6941,-0.5294646812463977,0.1973405265971039,0.1973405265971039
6942,-0.5646250811024924,0.14018468413124652,0.14018468413124652
6943,0.1757348276670685,0.9192886563570353,0.9192886563570353
6944,0.2180611019801284,0.9125460675153363,0.9125460675153363
6945,-0.3605374003690456,0.5249599051669865,0.5249599051669865
6946,0.5557942424435778,0.11447999316997567,0.11447999316997567
6947,-0.11487813401189828,0.8798312330130904,0.8798312330130904
6948,-0.8605073875097511,0.20805177846547596,0.20805177846547596
6949,0.022819675922277183,0.975736065496776,0.975736065496776
6950,0.41084593820831494,0.40820358858581013,0.40820358858581013
6951,-0.13357502670745292,0.9128786477031702,0.9128786477031702
6952,0.9900958639289164,0.9022878972866987,0.9022878972866987
6953,0.7503872973696879,0.09400683215744399,0.09400683215744399
6954,-0.3706871861676002,0.5377147679208767,0.5377147679208767
6955,-0.7357398434366973,-0.010525948372556269,-0.010525948372556269
6956,-0.7010955728646204,0.03284279406775138,0.03284279406775138
6957,-0.3522378430640061,0.6083564631370564,0.6083564631370564
6958,0.18303879443693005,0.8909961851925708,0.8909961851925708
6959,0.1909383388581889,0.7450118431662597,0.7450118431662597
6960,0.6098726614201788,0.03238960032295497,0.03238960032295497
6961,0.5799423112378097,0.16293925672786078,0.16293925672786078
6962,0.3012032284665087,0.6847726818065276,0.6847726818065276
6963,-0.7939960722775956,0.05044955933258025,0.05044955933258025
6964,-0.3415048096351052,0.649323223808919,0.649323223808919
6965,0.03305569227093619,1.1089400754773484,1.1089400754773484
6966,-0.6377671622851915,0.043188939482668734,0.043188939482668734
6967,-0.5550315626454627,0.1251853442151813,0.1251853442151813
6968,-0.728795206684147,-0.07736055556857101,-0.07736055556857101
6969,-0.13518701155764878,0.8777601638205481,0.8777601638205481
6970,-0.9519544074206354,0.6345284515652719,0.6345284515652719
6971,0.7509059585160462,0.12352327026903971,0.12352327026903971
6972,-0.890088119804163,0.3239847139022026,0.3239847139022026
6973,0.7847184140372467,0.03587468674807402,0.03587468674807402
6974,-0.9344202842365372,0.6008068961629652,0.6008068961629652
6975,0.4615718360746668,0.3410227881184622,0.3410227881184622
6976,0.42047646623837975,0.3479769974559177,0.3479769974559177
6977,0.48315834162012994,0.2585787339564667,0.2585787339564667
6978,-0.7090737788774519,-0.0822028196391297,-0.0822028196391297
6979,-0.7338781034611779,-0.0012480203146517741,-0.0012480203146517741
6980,-0.5927524001849591,0.027637022516043927,0.027637022516043927
6981,0.42882365532680966,0.35817817713040634,0.35817817713040634
6982,0.21891188100456693,0.8114789092206767,0.8114789092206767
6983,-0.8369034466290712,0.1526556965873657,0.1526556965873657
6984,-0.46191327535213156,0.36671576907201847,0.36671576907201847
6985,0.555566284477836,0.05191572008356575,0.05191572008356575
6986,-0.13524290124138294,0.8845583538786523,0.8845583538786523
6987,0.7237116953853924,-0.0016590332107640588,-0.0016590332107640588
6988,-0.05642022283221415,0.9741394513712068,0.9741394513712068
6989,-0.5704688024349014,0.1640162462884001,0.1640162462884001
6990,-0.45589113149530003,0.21714274296095817,0.21714274296095817
6991,-0.7894269349774767,0.1320007110677149,0.1320007110677149
6992,0.028607407471781254,1.0148103128587438,1.0148103128587438
6993,0.7668445442345788,0.06823850705583279,0.06823850705583279
6994,-0.21113984253237716,0.8671514829235222,0.8671514829235222
6995,0.24201934899604494,0.8330831495969973,0.8330831495969973
6996,0.4982860880185216,0.19932694595644573,0.19932694595644573
6997,0.7885563933747126,0.14577645582282006,0.14577645582282006
6998,-0.19002062109108597,0.8917450599121921,0.8917450599121921
6999,0.6724990177197914,0.01863386069137877,0.01863386069137877
7000,-0.6605699990051617,0.03636309792154742,0.03636309792154742
7001,-0.3894496830901031,0.49342050078239197,0.49342050078239197
7002,0.10075491083016841,0.9821922444842422,0.9821922444842422
7003,-0.9609080498986098,0.8038594705897492,0.8038594705897492
7004,-0.7916153296557082,0.11454559431448222,0.11454559431448222
7005,-0.9476038758778809,0.6501055760094794,0.6501055760094794
7006,0.40566367872537845,0.4744523625288395,0.4744523625288395
7007,0.030719352008998335,0.9579157137192391,0.9579157137192391
7008,-0.03954473371908063,1.1236339016216164,1.1236339016216164
7009,-0.9611212701864569,0.7680910945973286,0.7680910945973286
7010,0.13268221260956814,0.9160250475380308,0.9160250475380308
7011,-0.40051497526903534,0.45085033107574674,0.45085033107574674
7012,-0.9739409403583315,0.8141998499831831,0.8141998499831831
7013,-0.7205891700508815,-0.02004272606859735,-0.02004272606859735
7014,0.3214271357282803,0.6589584594018318,0.6589584594018318
7015,0.47093418987877333,0.23228988067138678,0.23228988067138678
7016,0.4076219323429826,0.4885576646177653,0.4885576646177653
7017,-0.7342801128051493,-0.00459556510900443,-0.00459556510900443
7018,0.008350669895049512,1.0278891860631794,1.0278891860631794
7019,0.27453002296953355,0.7352454928252855,0.7352454928252855
7020,0.367484838616718,0.42342439322012454,0.42342439322012454
7021,0.46860861020108446,0.39362782491112236,0.39362782491112236
7022,0.8504147919590872,0.32109332749207997,0.32109332749207997
7023,-0.04577113189953508,0.945870683025446,0.945870683025446
7024,-0.922245159862638,0.5149163314455683,0.5149163314455683
7025,-0.8056906754577506,0.08836745581636868,0.08836745581636868
7026,-0.12484144463673674,1.0103548957922759,1.0103548957922759
7027,0.07579338574080596,0.9552240549334955,0.9552240549334955
7028,0.3926001300434705,0.3128614198677164,0.3128614198677164
7029,-0.9871858905608104,0.8943634933026129,0.8943634933026129
7030,0.5751238013639068,0.10091142921717582,0.10091142921717582
7031,0.8148875512245704,0.18278877394266366,0.18278877394266366
7032,0.3730443884928012,0.53493030501302,0.53493030501302
7033,0.3025865519796622,0.7211825323318841,0.7211825323318841
7034,-0.12214132298760583,0.91630068573978,0.91630068573978
7035,-0.6937703739338241,0.028452528299167293,0.028452528299167293
7036,0.5618887502597698,0.226314433530038,0.226314433530038
7037,-0.9741714949715645,0.7783489193536215,0.7783489193536215
7038,0.11992173511275306,0.9502035171386674,0.9502035171386674
7039,-0.9765787201247471,0.8064537841083572,0.8064537841083572
7040,0.18117681346926529,0.9280934498312876,0.9280934498312876
7041,-0.1988307872474282,0.8540988580492077,0.8540988580492077
7042,-0.6791406058004603,-0.03673186244733954,-0.03673186244733954
7043,-0.8863601642163546,0.3893098524119037,0.3893098524119037
7044,-0.5497510071204881,0.16547137769899406,0.16547137769899406
7045,-0.4165670551586196,0.47135976035320015,0.47135976035320015
7046,0.7262345914480808,0.04063776912046248,0.04063776912046248
7047,0.6828048382535861,-0.006491428228720255,-0.006491428228720255
7048,0.4277265245290711,0.3858032913435399,0.3858032913435399
7049,-0.6943699922078963,0.13766898147268125,0.13766898147268125
7050,-0.03890111464453727,1.0044098299975233,1.0044098299975233
7051,-0.07488248077823711,0.971956253710695,0.971956253710695
7052,0.9016535974714788,0.41096977237224347,0.41096977237224347
7053,0.42120466660870703,0.46768938460535725,0.46768938460535725
7054,-0.13580151750153835,0.9737240862384972,0.9737240862384972
7055,0.14273255728503553,0.9078712113078087,0.9078712113078087
7056,-0.882235980534964,0.22880579573364543,0.22880579573364543
7057,-0.7522987388691564,0.04035576096528343,0.04035576096528343
7058,-0.337215440900966,0.5442703453403429,0.5442703453403429
7059,-0.17992952535302753,0.8352906181561603,0.8352906181561603
7060,0.34434224018048454,0.5186992940063078,0.5186992940063078
7061,-0.5704831036786466,0.11178402030501766,0.11178402030501766
7062,-0.3983278190170889,0.42748111205295447,0.42748111205295447
7063,-0.6004294984139411,0.0031279403012821755,0.0031279403012821755
7064,-0.05066442996357101,0.9796657420529271,0.9796657420529271
7065,0.371029355666072,0.4591324054343188,0.4591324054343188
7066,0.40468488066975117,0.5089684904656553,0.5089684904656553
7067,0.5856436840422161,0.1835768179830184,0.1835768179830184
7068,-0.3871496992961876,0.44398351423290616,0.44398351423290616
7069,0.5423110262206374,0.20769631791940196,0.20769631791940196
7070,-0.9231570203769905,0.5532869119013009,0.5532869119013009
7071,-0.9207928672890426,0.5208319772888894,0.5208319772888894
7072,-0.3350126490310874,0.5955140496548781,0.5955140496548781
7073,0.8861221383479891,0.3171148003418245,0.3171148003418245
7074,-0.0779682127100203,0.9569272147330835,0.9569272147330835
7075,-0.4014500495151514,0.5372566365896831,0.5372566365896831
7076,0.4469657378389569,0.3754660662543313,0.3754660662543313
7077,-0.4117141460756233,0.5080544159596634,0.5080544159596634
7078,-0.8864748873092185,0.2921504059930887,0.2921504059930887
7079,-0.8694285193108591,0.2467275446793806,0.2467275446793806
7080,-0.9135485320597954,0.41589141904067134,0.41589141904067134
7081,0.5299330472557011,0.05712898265800534,0.05712898265800534
7082,0.7798505251725594,0.04515502217215878,0.04515502217215878
7083,0.4826564952937977,0.33020126085127754,0.33020126085127754
7084,-0.4437177114349049,0.36431626460188477,0.36431626460188477
7085,0.8800780500576548,0.33539641318088975,0.33539641318088975
7086,0.5950874067039893,0.22109824390213725,0.22109824390213725
7087,-0.9430175903537079,0.6850900932941768,0.6850900932941768
7088,-0.6268368493875389,0.04364972794526262,0.04364972794526262
7089,-0.7411903905445067,0.013324103951849827,0.013324103951849827
7090,-0.9816666034451886,0.8954009318892343,0.8954009318892343
7091,-0.6243888512696081,0.001004204160577525,0.001004204160577525
7092,-0.28946920013588495,0.6837063234176519,0.6837063234176519
7093,-0.9352037547443555,0.43245207953593023,0.43245207953593023
7094,-0.7634918344976538,-0.046229171746009275,-0.046229171746009275
7095,0.1341306461211702,0.871479996906409,0.871479996906409
7096,-0.5727787712976906,0.1632643470868912,0.1632643470868912
7097,0.3612409359387847,0.6070380729692415,0.6070380729692415
7098,0.3464540427059346,0.6067964260366552,0.6067964260366552
7099,0.5961131173161929,0.0665442904331791,0.0665442904331791
7100,-0.14823135204832094,0.9749537789733586,0.9749537789733586
7101,0.8659712562300093,0.328719302772692,0.328719302772692
7102,0.8524190680506918,0.2574166713353948,0.2574166713353948
7103,-0.4585834301088123,0.3538560559637967,0.3538560559637967
7104,-0.00402517979025907,1.0494498216961992,1.0494498216961992
7105,0.36969172589269417,0.5597167111805543,0.5597167111805543
7106,-0.196682561026837,0.8695906094220435,0.8695906094220435
7107,-0.941666763394102,0.5706452442624692,0.5706452442624692
7108,0.6969007647341616,0.10124338286017025,0.10124338286017025
7109,-0.9771002245738101,0.7546527980222654,0.7546527980222654
7110,-0.6307203862399675,0.11623124817308808,0.11623124817308808
7111,-0.5397443718329744,0.0831505486455419,0.0831505486455419
7112,0.833946256761182,0.1906692538368563,0.1906692538368563
7113,-0.11422201617784822,0.941279635578591,0.941279635578591
7114,0.08637527591589467,0.98726468072104,0.98726468072104
7115,-0.8938104926595416,0.3287262253964918,0.3287262253964918
7116,0.28845136426051954,0.7662914940214971,0.7662914940214971
7117,0.29658016717689106,0.6573667953295632,0.6573667953295632
7118,0.6079320334737888,0.12879547994354534,0.12879547994354534
7119,0.15380366468210993,0.9260680128832456,0.9260680128832456
7120,-0.39619750196785697,0.4579840505573726,0.4579840505573726
7121,-0.0835130296814941,1.0030494660308809,1.0030494660308809
7122,0.4160449557177708,0.42816340390566915,0.42816340390566915
7123,0.4507445987970331,0.36654963324591333,0.36654963324591333
7124,0.5747626330999953,0.13997489456447346,0.13997489456447346
7125,-0.6701199894445866,0.012112530969583282,0.012112530969583282
7126,0.30024643550876995,0.707662751961135,0.707662751961135
7127,0.20848641178212124,0.9575811690907136,0.9575811690907136
7128,0.5778658253798796,0.10554949472516582,0.10554949472516582
7129,0.8404445019181863,0.19128392514633888,0.19128392514633888
7130,0.036096768285887926,0.897470159303934,0.897470159303934
7131,0.29906521399779895,0.7777450547732756,0.7777450547732756
7132,0.4184106247790229,0.5191168783724912,0.5191168783724912
7133,-0.23311049779723403,0.8052992023878431,0.8052992023878431
7134,0.433091976294959,0.3341139637023396,0.3341139637023396
7135,0.7091347228133806,-0.03814072635377434,-0.03814072635377434
7136,0.4601363855972318,0.2828220129714646,0.2828220129714646
7137,0.8494296390862819,0.17343723164457958,0.17343723164457958
7138,-0.8081223317060939,0.10720346439288111,0.10720346439288111
7139,-0.8804680932753,0.2745152412360406,0.2745152412360406
7140,0.7250073164325028,-0.006051403471397789,-0.006051403471397789
7141,-0.30746801965608195,0.6612667240628692,0.6612667240628692
7142,0.9665379429396821,0.7326848452946072,0.7326848452946072
7143,-0.489765948846167,0.22978039086838686,0.22978039086838686
7144,-0.8457742951663592,0.2257802944971735,0.2257802944971735
7145,0.04016478209176366,0.8613990044796109,0.8613990044796109
7146,-0.06971367489220937,1.1120914150662289,1.1120914150662289
7147,-0.047645092662967015,0.9554929523434847,0.9554929523434847
7148,-0.41488845397648966,0.35279182164594286,0.35279182164594286
7149,0.7570984059481154,0.00230338833876648,0.00230338833876648
7150,-0.308763857893255,0.6327614813572502,0.6327614813572502
7151,0.04991117517605126,0.9936657781464807,0.9936657781464807
7152,-0.7424887225522283,-0.04759710181324666,-0.04759710181324666
7153,0.16766767409107253,0.9551803619989379,0.9551803619989379
7154,-0.594679010135946,0.1176338218079957,0.1176338218079957
7155,0.8458026137051358,0.17281299201919023,0.17281299201919023
7156,0.612688438753159,0.05930987180815638,0.05930987180815638
7157,0.536804663365515,0.17127019169048216,0.17127019169048216
7158,-0.9885959561648556,0.926681116152242,0.926681116152242
7159,-0.23745586205068148,0.7541610589193338,0.7541610589193338
7160,-0.7383047117711992,-0.06876995489528283,-0.06876995489528283
7161,0.806178653163911,0.07823942060721986,0.07823942060721986
7162,-0.8086335413266879,0.08948251661851458,0.08948251661851458
7163,-0.7513419022069254,-0.04466246161746136,-0.04466246161746136
7164,-0.4431336818387901,0.3971202974214929,0.3971202974214929
7165,0.5095537626233675,0.21915892427224148,0.21915892427224148
7166,-0.5986581730005021,0.1255301173125859,0.1255301173125859
7167,-0.5781264098401535,0.07964278855736709,0.07964278855736709
7168,-0.5571936725638897,0.09054495187591638,0.09054495187591638
7169,0.5139544553677138,0.21990474990484735,0.21990474990484735
7170,0.9888534245412619,0.9207686055242862,0.9207686055242862
7171,0.1416125243876949,0.872158684413244,0.872158684413244
7172,-0.08074419622847206,0.961059187215803,0.961059187215803
7173,0.10419098056211129,1.0226469597949488,1.0226469597949488
7174,-0.9112226378684383,0.496543332383748,0.496543332383748
7175,-0.977188349861138,0.8312144071561092,0.8312144071561092
7176,0.5244186654826264,0.3077281870580253,0.3077281870580253
7177,-0.5923651378004111,0.11440895399456359,0.11440895399456359
7178,0.35645213475085,0.5640460360868218,0.5640460360868218
7179,-0.9452973068608774,0.6704405418037755,0.6704405418037755
7180,0.7788842876545368,-0.041185313039531726,-0.041185313039531726
7181,-0.5070465984316308,0.21889393938263468,0.21889393938263468
7182,-0.8011023676298039,0.12413583206853981,0.12413583206853981
7183,0.7686146449037239,-0.038391248740560456,-0.038391248740560456
7184,-0.12362261761245441,1.0460772000756082,1.0460772000756082
7185,0.9989434238375388,1.0383254821630354,1.0383254821630354
7186,-0.9485964424152817,0.5899774498130169,0.5899774498130169
7187,-0.3289093241691947,0.5431532134999831,0.5431532134999831
7188,-0.5930280844798328,0.1726887221999841,0.1726887221999841
7189,0.37700684255465267,0.5507194545387373,0.5507194545387373
7190,0.021297460738604723,1.033998000337694,1.033998000337694
7191,-0.6694187065863642,0.0902560335355672,0.0902560335355672
7192,0.692494015005797,-0.08152808771232473,-0.08152808771232473
7193,-0.3736905375547619,0.43732254232564927,0.43732254232564927
7194,-0.5237322794126928,0.12688038629478285,0.12688038629478285
7195,0.7775802836712402,-0.019218556118358952,-0.019218556118358952
7196,-0.04991027887777877,0.9384023912893245,0.9384023912893245
7197,-0.6772241392622809,0.059872643862345254,0.059872643862345254
7198,-0.9724873950939419,0.7126010360515587,0.7126010360515587
7199,-0.20825363071229508,0.7585725032119627,0.7585725032119627
7200,0.0903405305627678,1.0397190519123694,1.0397190519123694
7201,0.09953261755143572,1.0238285130376414,1.0238285130376414
7202,0.37178841393713613,0.4691673197353404,0.4691673197353404
7203,0.796910087322078,0.1570871301177163,0.1570871301177163
7204,-0.31404234797652486,0.6657921897009914,0.6657921897009914
7205,0.6482880425959303,0.00810228683385263,0.00810228683385263
7206,-0.9697441111538148,0.8276925852859098,0.8276925852859098
7207,0.501106834487749,0.3061978760656906,0.3061978760656906
7208,0.030549933908178284,1.0364368917371916,1.0364368917371916
7209,0.24086991614020636,0.7394606340572544,0.7394606340572544
7210,-0.6102000834201933,0.0609305976340486,0.0609305976340486
7211,-0.05098433850471573,0.9747315975189843,0.9747315975189843
7212,-0.47727760529343954,0.26807755897825014,0.26807755897825014
7213,0.5597506900262379,0.18061745315044678,0.18061745315044678
7214,-0.693613534592388,-0.04137322213348455,-0.04137322213348455
7215,-0.10247345051072987,0.9232050117319072,0.9232050117319072
7216,0.3183887059292039,0.6107886038591817,0.6107886038591817
7217,0.5773930897091779,0.12082476551608268,0.12082476551608268
7218,-0.2833327926670286,0.8217987166668764,0.8217987166668764
7219,0.48016858220212577,0.261154189394138,0.261154189394138
7220,0.9352524392959554,0.5781966810653583,0.5781966810653583
7221,0.7754131056853217,0.06235728814484712,0.06235728814484712
7222,-0.26534518050883715,0.6897410557006187,0.6897410557006187
7223,-0.5713762891114327,0.07865101327170257,0.07865101327170257
7224,-0.3630066610308895,0.4057552530884092,0.4057552530884092
7225,-0.3995365300481035,0.5031761727143178,0.5031761727143178
7226,-0.7231443958889878,0.049568702766229475,0.049568702766229475
7227,0.7641081846359223,0.03116527757955965,0.03116527757955965
7228,-0.5452096676341165,0.14945325764635187,0.14945325764635187
7229,-0.127498069803623,0.9633981055320068,0.9633981055320068
7230,-0.49524922593691456,0.2514562021226945,0.2514562021226945
7231,-0.07582185506774053,1.0099395795266124,1.0099395795266124
7232,-0.02367993193318596,0.9704185423132337,0.9704185423132337
7233,0.845881597483217,0.11992559466375996,0.11992559466375996
7234,-0.9262285319286307,0.5832626111337833,0.5832626111337833
7235,-0.784830378588681,0.10001044082218556,0.10001044082218556
7236,-0.9471465280050382,0.6286937648758416,0.6286937648758416
7237,-0.1307033951058878,0.8861949283770534,0.8861949283770534
7238,-0.6040437068887601,0.058754399201626284,0.058754399201626284
7239,-0.021184760597112495,0.9732356680651422,0.9732356680651422
7240,0.6133807163486285,0.06983258358497049,0.06983258358497049
7241,0.5091496189266935,0.31960790516289606,0.31960790516289606
7242,-0.5970807991883953,0.109911766301066,0.109911766301066
7243,-0.0693249842414394,1.0567984184892942,1.0567984184892942
7244,-0.653394956174211,0.006165335688844666,0.006165335688844666
7245,-0.6617710823687208,-0.026463591621958875,-0.026463591621958875
7246,0.8927444566554392,0.40328295240013473,0.40328295240013473
7247,-0.1069717770956009,0.9174203135151711,0.9174203135151711
7248,-0.6738637569536472,-0.0540681165557909,-0.0540681165557909
7249,0.3484571026328125,0.6586629539322804,0.6586629539322804
7250,-0.7553308567614372,0.10277291174178771,0.10277291174178771
7251,-0.08681876710749337,0.9379902583977435,0.9379902583977435
7252,0.4001890387371876,0.5065725907900722,0.5065725907900722
7253,-0.6311792227170652,0.11999058608912223,0.11999058608912223
7254,0.3995163805103694,0.47163336575570686,0.47163336575570686
7255,-0.7528350644603827,-0.009129520422393487,-0.009129520422393487
7256,0.8615911499284661,0.2854334797172413,0.2854334797172413
7257,0.018707325107201633,1.018892581602437,1.018892581602437
7258,-0.15438206715180036,0.9278460162465018,0.9278460162465018
7259,0.8810503282145308,0.3080755663942376,0.3080755663942376
7260,0.3808504225347993,0.502365902533507,0.502365902533507
7261,-0.4405199555527959,0.4514228342401959,0.4514228342401959
7262,-0.19039057421081318,0.7799560346865998,0.7799560346865998
7263,0.6510839495629854,0.04107301089330184,0.04107301089330184
7264,-0.35859220972857475,0.5124480712231613,0.5124480712231613
7265,-0.5288169937826828,0.10933093212399594,0.10933093212399594
7266,0.11005530387916784,0.8617341137283246,0.8617341137283246
7267,-0.876523666010222,0.3441760018698349,0.3441760018698349
7268,0.32098274605492016,0.6228356550732471,0.6228356550732471
7269,0.05130313936279651,0.9852864630098251,0.9852864630098251
7270,-0.2795186522677433,0.7493754313240937,0.7493754313240937
7271,0.1207681615326468,0.8429695524137811,0.8429695524137811
7272,0.9934255957466804,0.9711470000290852,0.9711470000290852
7273,-0.8434960675895125,0.11002847671331384,0.11002847671331384
7274,0.9408337251791616,0.5824586499736507,0.5824586499736507
7275,-0.7879878807057172,-0.015051370206334423,-0.015051370206334423
7276,-0.24521504483041667,0.7223796178965769,0.7223796178965769
7277,-0.06624153351720552,1.0477834172168996,1.0477834172168996
7278,-0.5612148192826851,0.17459902293015686,0.17459902293015686
7279,0.7063741004620756,0.009982216935232237,0.009982216935232237
7280,-0.3760672673899983,0.593069078053725,0.593069078053725
7281,0.8142514726910246,0.06637663242849201,0.06637663242849201
7282,0.6414917182567299,0.024732621101624004,0.024732621101624004
7283,0.7343598308065606,-0.04713113643875798,-0.04713113643875798
7284,0.08828475767165811,1.01987488106548,1.01987488106548
7285,0.5099989017361355,0.2860517665897395,0.2860517665897395
7286,-0.8408832931579155,0.17486257046779896,0.17486257046779896
7287,0.35111843904693907,0.5782903578439974,0.5782903578439974
7288,0.759001085151191,0.05293940577618247,0.05293940577618247
7289,-0.9960783276090259,0.8490174477069428,0.8490174477069428
7290,-0.646729617052493,0.03198730968405042,0.03198730968405042
7291,-0.11484250156881659,0.9544133356145036,0.9544133356145036
7292,-0.28627153181482834,0.7451436225865304,0.7451436225865304
7293,0.8142481845477225,0.13960062582184046,0.13960062582184046
7294,-0.2727485962109579,0.7693517418471802,0.7693517418471802
7295,0.8846758068536853,0.4140024151627056,0.4140024151627056
7296,-0.888384828152198,0.3329163986340006,0.3329163986340006
7297,0.6750744307649474,-0.033475525869852765,-0.033475525869852765
7298,0.8604143976265786,0.20375953003146013,0.20375953003146013
7299,-0.8112464774158457,0.08113080899611352,0.08113080899611352
7300,0.9599445787699756,0.6922845792459025,0.6922845792459025
7301,-0.22209511573498708,0.7036823419500157,0.7036823419500157
7302,-0.3799506738876577,0.4778648414847239,0.4778648414847239
7303,0.13497423009615583,0.9458900310349485,0.9458900310349485
7304,0.516551936629976,0.22101800890293052,0.22101800890293052
7305,-0.4046289676660877,0.47198472664106184,0.47198472664106184
7306,0.4723398759631847,0.35303138295270425,0.35303138295270425
7307,-0.14867801636022726,0.9095365053872605,0.9095365053872605
7308,0.3153945055940095,0.6437910116966715,0.6437910116966715
7309,0.21589186439388142,0.7955792353132382,0.7955792353132382
7310,-0.466856469399328,0.29817195889741827,0.29817195889741827
7311,0.6171488707495354,0.09131822715054044,0.09131822715054044
7312,0.24510114832433172,0.7583457185166829,0.7583457185166829
7313,0.14396084622435157,0.905322099308728,0.905322099308728
7314,-0.45681694333166245,0.3808064645393511,0.3808064645393511
7315,0.8937411278535701,0.2788968607693566,0.2788968607693566
7316,0.3920871042037066,0.48563717978248444,0.48563717978248444
7317,0.6558427003084784,0.08898579996938033,0.08898579996938033
7318,0.24072758515270465,0.7527670769166379,0.7527670769166379
7319,0.03723922591085871,0.9800337773054044,0.9800337773054044
7320,-0.6755712756167138,-0.016214120128706336,-0.016214120128706336
7321,0.08308000146564032,0.9506362782956589,0.9506362782956589
7322,-0.18235417653286357,0.8756070065384012,0.8756070065384012
7323,0.1919220610162944,0.9993545350583575,0.9993545350583575
7324,-0.3007525029884164,0.6971415799045683,0.6971415799045683
7325,-0.8122784843703339,0.1016197738342029,0.1016197738342029
7326,0.8061327313722795,0.03359113882940813,0.03359113882940813
7327,-0.2410413003714611,0.8134837398547312,0.8134837398547312
7328,0.035163293702725085,0.9408227520083892,0.9408227520083892
7329,-0.6445731361345921,-0.0018932529323008422,-0.0018932529323008422
7330,0.18631514103871982,0.8721985729340758,0.8721985729340758
7331,-0.20203566206615986,0.9396391089175609,0.9396391089175609
7332,-0.38582605406920245,0.47958372609832867,0.47958372609832867
7333,0.4172492462242112,0.46607184360398385,0.46607184360398385
7334,0.19059169669825216,0.9833868338364953,0.9833868338364953
7335,0.9382992043331373,0.527356453390653,0.527356453390653
7336,-0.9309708960033096,0.5485364367308782,0.5485364367308782
7337,0.48164778807321884,0.29579673375766924,0.29579673375766924
7338,0.5859648426986626,0.029960508070223504,0.029960508070223504
7339,0.2827463273241928,0.7275637083383815,0.7275637083383815
7340,-0.8797365521876408,0.3211993035425863,0.3211993035425863
7341,0.7803402370644459,0.03563002552113621,0.03563002552113621
7342,-0.33115120665233966,0.5400324330694638,0.5400324330694638
7343,0.7302969641958874,-0.009029579746271681,-0.009029579746271681
7344,0.3691743488775159,0.5972006966204336,0.5972006966204336
7345,0.3953427424382705,0.4011822526807831,0.4011822526807831
7346,-0.6794155794009478,0.02600611774949563,0.02600611774949563
7347,0.5014464685299975,0.2263025876895312,0.2263025876895312
7348,-0.0945541128396854,1.0837285421749783,1.0837285421749783
7349,0.7915133710558826,0.14583405137793293,0.14583405137793293
7350,0.1476171491934133,0.9672684453673008,0.9672684453673008
7351,-0.9618556642264788,0.7025113565047705,0.7025113565047705
7352,-0.0793342592467432,0.9098543107394824,0.9098543107394824
7353,0.7289562450944351,-0.007269421183338777,-0.007269421183338777
7354,-0.8833232871424173,0.2896592011386794,0.2896592011386794
7355,-0.5523204467072056,0.15659177060130458,0.15659177060130458
7356,-0.47822645405828834,0.2819495555899355,0.2819495555899355
7357,-0.04679780801732969,0.9816629803951752,0.9816629803951752
7358,0.6062833169719981,0.04569914034280227,0.04569914034280227
7359,-0.5754791369793242,-0.006028798571934321,-0.006028798571934321
7360,0.03513210549236523,0.9876612822208073,0.9876612822208073
7361,0.5388291500376543,0.16175033274116715,0.16175033274116715
7362,-0.3239110018848006,0.6713917155668799,0.6713917155668799
7363,0.09482825660694205,0.8756678712099897,0.8756678712099897
7364,-0.6846714315655686,-0.02245926491134044,-0.02245926491134044
7365,0.9168609271330288,0.4456954868506062,0.4456954868506062
7366,0.5438589825059064,0.24740083757546688,0.24740083757546688
7367,-0.17507731440348295,0.8987660880596003,0.8987660880596003
7368,0.37142778892646167,0.5776269825054658,0.5776269825054658
7369,0.21918458170095634,0.7940750860261372,0.7940750860261372
7370,-0.9060915684111435,0.45550639603024157,0.45550639603024157
7371,-0.22256366105991443,0.8657185785539633,0.8657185785539633
7372,-0.08077488537269484,0.9653330661079982,0.9653330661079982
7373,0.02443702171238149,1.0336709313301595,1.0336709313301595
7374,-0.66495874150275,0.05702371556845642,0.05702371556845642
7375,0.8434426742987822,0.19096686387106693,0.19096686387106693
7376,-0.9587431144105492,0.6078588963398619,0.6078588963398619
7377,-0.7253437844997705,0.07631778374070884,0.07631778374070884
7378,0.056882240869534195,0.9796019394449128,0.9796019394449128
7379,-0.20289994710516734,0.8179839136733619,0.8179839136733619
7380,0.8362189260262145,0.10663762597550605,0.10663762597550605
7381,0.35479571832827994,0.6560711433485245,0.6560711433485245
7382,0.715981591701655,0.022279251295798247,0.022279251295798247
7383,-0.7381605198913812,-0.03154611024861556,-0.03154611024861556
7384,0.9706495377231807,0.7935420597623722,0.7935420597623722
7385,0.3202233254597209,0.5792072232223096,0.5792072232223096
7386,0.721582195060001,0.030975855302313643,0.030975855302313643
7387,0.9545680115110751,0.6102666771573612,0.6102666771573612
7388,0.8104523788940157,0.058504028081825074,0.058504028081825074
7389,-0.6248496322825781,0.10314993604950873,0.10314993604950873
7390,-0.5987197473234307,0.027665884855012063,0.027665884855012063
7391,-0.8657901005794906,0.2497164175133561,0.2497164175133561
7392,-0.40189625296969544,0.4167223820495836,0.4167223820495836
7393,-0.40641337626723173,0.4210093537507005,0.4210093537507005
7394,0.9938214613034284,0.942247648370473,0.942247648370473
7395,0.414022045340249,0.3729019294818302,0.3729019294818302
7396,0.9524132022204164,0.694330559228377,0.694330559228377
7397,-0.7897479021895493,0.012533467386440088,0.012533467386440088
7398,-0.9967753252651221,0.9780456390142195,0.9780456390142195
7399,0.7937473045719572,0.07715349705314122,0.07715349705314122
7400,0.20091761933895835,0.8090066405337087,0.8090066405337087
7401,-0.7999811633685385,0.06538048700955816,0.06538048700955816
7402,-0.7578325040091067,-0.015609747156629786,-0.015609747156629786
7403,-0.8819436873598667,0.27890808119746596,0.27890808119746596
7404,-0.5591274372771919,0.1835082587296452,0.1835082587296452
7405,-0.2946672940602628,0.703633742945179,0.703633742945179
7406,-0.6032806861368563,0.14040473160271116,0.14040473160271116
7407,0.37315414954469306,0.5181058517027329,0.5181058517027329
7408,0.652189664527725,0.06669631461263191,0.06669631461263191
7409,-0.17769313560797717,0.7953473672385928,0.7953473672385928
7410,-0.887060493675248,0.24589819181473616,0.24589819181473616
7411,0.6334676845318945,0.10954596288619226,0.10954596288619226
7412,0.5390204170045765,0.20388696958110722,0.20388696958110722
7413,0.9641364476878338,0.7242517389234712,0.7242517389234712
7414,-0.6552583478234926,0.05629372626706146,0.05629372626706146
7415,-0.3408644708327777,0.6732421675859385,0.6732421675859385
7416,0.29572900767295573,0.7043290441642528,0.7043290441642528
7417,0.855557385221529,0.15829984712090178,0.15829984712090178
7418,0.33057731503805154,0.6039010027227858,0.6039010027227858
7419,-0.8993981067791958,0.3419289199308215,0.3419289199308215
7420,-0.5496875558495868,0.19348589290652587,0.19348589290652587
7421,0.8602255593294577,0.32061386291752036,0.32061386291752036
7422,0.7742393619736332,-0.009787555972812556,-0.009787555972812556
7423,-0.28839993519557106,0.6280067360162621,0.6280067360162621
7424,-0.07554845384634823,0.9598643666204891,0.9598643666204891
7425,0.35467146462162047,0.5987433050303195,0.5987433050303195
7426,0.6182687505110593,0.1562475022798248,0.1562475022798248
7427,-0.9934265859556322,0.9324919686823893,0.9324919686823893
7428,-0.3752458820307132,0.5921821538134848,0.5921821538134848
7429,0.035563344113734185,0.954056613839657,0.954056613839657
7430,-0.4130558008140328,0.4155659890425456,0.4155659890425456
7431,0.6869079927675699,-0.0035847396758480485,-0.0035847396758480485
7432,-0.7731052096428479,0.09020888020273816,0.09020888020273816
7433,-0.8851714073929926,0.29929391245151166,0.29929391245151166
7434,0.6177381728714864,0.0594417122354307,0.0594417122354307
7435,0.5110539843645663,0.25737746587797505,0.25737746587797505
7436,0.5726219548009632,0.157497033334283,0.157497033334283
7437,0.36449969843402563,0.43081542809623213,0.43081542809623213
7438,0.8813124356921276,0.2315920417856442,0.2315920417856442
7439,0.5800453434217581,0.05002697262528273,0.05002697262528273
7440,-0.9597412963696867,0.689253005476106,0.689253005476106
7441,0.05016274317147906,0.9650849541951565,0.9650849541951565
7442,0.1395612044966017,0.8778469410254214,0.8778469410254214
7443,-0.13561907229416192,0.881117770633879,0.881117770633879
7444,-0.40779582090854594,0.4847954371029412,0.4847954371029412
7445,-0.7028034690699279,-0.026863658502910462,-0.026863658502910462
7446,0.7437869709722857,-0.0008540306367533779,-0.0008540306367533779
7447,0.1700867564461901,0.8635270838479328,0.8635270838479328
7448,0.2686777534112301,0.6264355402761904,0.6264355402761904
7449,0.21793233911321375,0.783400071546124,0.783400071546124
7450,-0.21639287755312653,0.8167775297808793,0.8167775297808793
7451,-0.21944517494439864,0.8063435000064532,0.8063435000064532
7452,0.07858306164376372,1.039090988505592,1.039090988505592
7453,-0.7826052627494229,0.1179099682269188,0.1179099682269188
7454,0.6524197588651384,0.01818168296519215,0.01818168296519215
7455,0.3430620331919607,0.5639789572582083,0.5639789572582083
7456,0.4074732985213936,0.45199844047800347,0.45199844047800347
7457,0.8149892653038373,0.149805713644754,0.149805713644754
7458,-0.8789703879617006,0.2531733245237576,0.2531733245237576
7459,0.26009400198523114,0.7158871008752686,0.7158871008752686
7460,0.7241352329754864,0.026200998296162036,0.026200998296162036
7461,-0.9264597029832606,0.5002477328413861,0.5002477328413861
7462,0.23003045873156958,0.7546596856953098,0.7546596856953098
7463,-0.8779606109092848,0.2717976665559664,0.2717976665559664
7464,0.6186283306017961,0.04445074397829661,0.04445074397829661
7465,0.7432109566214737,-0.10822675108654509,-0.10822675108654509
7466,-0.044120988774780434,1.0085192171867752,1.0085192171867752
7467,0.10902112496932981,0.9158440907888963,0.9158440907888963
7468,0.924892437280197,0.5321495739893234,0.5321495739893234
7469,-0.2506627379040265,0.9037812061565124,0.9037812061565124
7470,0.2167725189452221,0.8233195972385765,0.8233195972385765
7471,-0.4998611186316768,0.23010255768335508,0.23010255768335508
7472,-0.8316017767068531,0.2105820298819115,0.2105820298819115
7473,0.9869590801069394,0.9882210630971888,0.9882210630971888
7474,-0.2508079996827597,0.7400440900885201,0.7400440900885201
7475,0.9727214006562832,0.719048637376114,0.719048637376114
7476,0.9493087487355483,0.6175210994593103,0.6175210994593103
7477,0.9812336655030451,0.8686404943950565,0.8686404943950565
7478,-0.637997269087885,-0.03187491193249938,-0.03187491193249938
7479,0.7954547117419226,0.011114377683162369,0.011114377683162369
7480,0.12382162021538368,0.9051734954189742,0.9051734954189742
7481,-0.088709448602172,0.9562473020521078,0.9562473020521078
7482,-0.09885483825299102,0.8516988380813384,0.8516988380813384
7483,0.16834430054229022,0.9639031641536507,0.9639031641536507
7484,0.3400122257292475,0.5975017979081487,0.5975017979081487
7485,-0.4181857227582191,0.4395270580435812,0.4395270580435812
7486,-0.7550482696365346,0.09444798643907165,0.09444798643907165
7487,-0.762763812774504,0.04206850905363878,0.04206850905363878
7488,0.5849619480665069,0.057035744569807374,0.057035744569807374
7489,0.6559623163839692,0.04655863927703197,0.04655863927703197
7490,-0.9030628851167293,0.3944262756123976,0.3944262756123976
7491,0.447277838002315,0.3952069297258815,0.3952069297258815
7492,-0.41005492399409693,0.34179266170536,0.34179266170536
7493,0.04983076192331537,0.9764076599218043,0.9764076599218043
7494,0.5113548661977041,0.25896011629793214,0.25896011629793214
7495,0.38136334514594505,0.470470880968802,0.470470880968802
7496,0.48861532282605036,0.23270469406001665,0.23270469406001665
7497,0.22075757237568028,0.9313761968589219,0.9313761968589219
7498,-0.6396985500771903,0.038424693760302255,0.038424693760302255
7499,-0.9046684344791378,0.474367396590494,0.474367396590494
7500,-0.6795867007562415,0.10448979085194396,0.10448979085194396
7501,-0.9952765605573586,1.009703099720473,1.009703099720473
7502,-0.8694290166081322,0.2250403854939036,0.2250403854939036
7503,0.3120606649468143,0.6898894354951354,0.6898894354951354
7504,0.25220985764289794,0.7101071416535538,0.7101071416535538
7505,0.6912201470212618,-0.04029700894681609,-0.04029700894681609
7506,-0.3022801766214043,0.6246506266827,0.6246506266827
7507,-0.8572998041272712,0.21400477759661218,0.21400477759661218
7508,-0.3775302440399375,0.6104075478665563,0.6104075478665563
7509,0.6188584727193547,0.11724804100060643,0.11724804100060643
7510,0.721801019730588,0.04354451324357871,0.04354451324357871
7511,-0.16809635349886953,0.8009635634088664,0.8009635634088664
7512,-0.7906487076526016,-0.0006060859751972902,-0.0006060859751972902
7513,0.5812954938994994,0.11361784320460723,0.11361784320460723
7514,-0.42687016827790103,0.3896307846535104,0.3896307846535104
7515,0.7914944883127588,0.09256847111667409,0.09256847111667409
7516,-0.5401343273952577,0.17289179106378816,0.17289179106378816
7517,0.5817308567545851,0.09839659625910979,0.09839659625910979
7518,0.8827261776699753,0.3680752643128269,0.3680752643128269
7519,0.4607309715396315,0.2849795738704477,0.2849795738704477
7520,-0.637184987999255,0.12062606802458314,0.12062606802458314
7521,-0.668929560410183,0.022482986189315417,0.022482986189315417
7522,-0.27542806152197885,0.7278578050334646,0.7278578050334646
7523,0.6960069570848311,-0.024479752264448606,-0.024479752264448606
7524,0.8997006860765062,0.41617211854015185,0.41617211854015185
7525,0.3836562318182877,0.5738506440948604,0.5738506440948604
7526,-0.0021615324824566517,1.067819254598258,1.067819254598258
7527,-0.8695837407899756,0.3979559188919646,0.3979559188919646
7528,0.025662603438750153,0.9935410948238813,0.9935410948238813
7529,-0.4651382222319431,0.29453771179624033,0.29453771179624033
7530,-0.6745100886250097,0.03185618445944057,0.03185618445944057
7531,-0.14160980233511422,0.9296016314602575,0.9296016314602575
7532,0.1450153347816292,0.9424752280500813,0.9424752280500813
7533,0.7645942977448286,0.03325753287401975,0.03325753287401975
7534,0.8620620494662252,0.21314980629861144,0.21314980629861144
7535,-0.42584321335100994,0.47232605582783993,0.47232605582783993
7536,0.5539307821825794,0.1341321001648253,0.1341321001648253
7537,-0.7746898154259596,0.056479760197006346,0.056479760197006346
7538,-0.49817264234019776,0.28209235293227974,0.28209235293227974
7539,-0.8121250379307348,0.12366729879742773,0.12366729879742773
7540,0.0701262568659049,0.964028405849714,0.964028405849714
7541,0.659526092161238,-0.04477391350510692,-0.04477391350510692
7542,-0.6540305498616326,-0.04053052034325687,-0.04053052034325687
7543,0.49714008044989,0.2672911619055263,0.2672911619055263
7544,-0.9870829978941471,0.8146951137383711,0.8146951137383711
7545,0.17857098083869327,0.9443960723459393,0.9443960723459393
7546,0.07049361067801918,0.9006305632740789,0.9006305632740789
7547,0.977285985878541,0.8200174535892528,0.8200174535892528
7548,0.08086984840024591,0.9908840352499534,0.9908840352499534
7549,-0.18233931872144837,0.9479176113545373,0.9479176113545373
7550,0.8182089151932961,0.2021813373979483,0.2021813373979483
7551,-0.9237317934468725,0.45022102953327553,0.45022102953327553
7552,0.12024869886157208,0.9135461626756607,0.9135461626756607
7553,-0.5137180567842758,0.24499244749513133,0.24499244749513133
7554,0.17563325443978361,0.9256376030968569,0.9256376030968569
7555,0.8225657486564726,0.11950693379034044,0.11950693379034044
7556,0.6740285946732028,0.045935937105405195,0.045935937105405195
7557,-0.47404298279014845,0.34817550090906063,0.34817550090906063
7558,-0.7501368800536297,0.043771297380851365,0.043771297380851365
7559,-0.9517451645078232,0.673779627385402,0.673779627385402
7560,-0.5075559078507421,0.2705712428959008,0.2705712428959008
7561,-0.8864868266820651,0.37896201760410436,0.37896201760410436
7562,0.02370794076832894,0.9363964914383356,0.9363964914383356
7563,0.21608414222107442,0.7697360421768714,0.7697360421768714
7564,-0.8737504208091353,0.24885759433294413,0.24885759433294413
7565,0.9203154051898648,0.5016100152587509,0.5016100152587509
7566,-0.5386894931686581,0.1175648005556987,0.1175648005556987
7567,0.3991129961182964,0.5158626769965788,0.5158626769965788
7568,-0.6032279704413739,-0.004252938827342234,-0.004252938827342234
7569,-0.523961983596168,0.11926360394882982,0.11926360394882982
7570,0.2751732822948336,0.6579707454143301,0.6579707454143301
7571,-0.06255320161590694,0.9743828337381911,0.9743828337381911
7572,-0.5565870759105875,0.0840693016378278,0.0840693016378278
7573,-0.41128453600306525,0.4707549197966984,0.4707549197966984
7574,-0.9071787311694004,0.4912449773005514,0.4912449773005514
7575,-0.049378276142215016,0.945598724862421,0.945598724862421
7576,0.4969309213584321,0.2767137828493491,0.2767137828493491
7577,0.9860179160558098,0.8566294835795367,0.8566294835795367
7578,-0.4994764532105176,0.2439054921293296,0.2439054921293296
7579,-0.19607780130264207,0.8703584228505904,0.8703584228505904
7580,-0.7626041179516674,0.02025046158410371,0.02025046158410371
7581,-0.7976323553213069,0.06414665325112409,0.06414665325112409
7582,-0.06562165825142352,0.9793137280352184,0.9793137280352184
7583,-0.02472212429744447,0.9578664529056706,0.9578664529056706
7584,0.7385741250960034,0.04673531513230825,0.04673531513230825
7585,-0.9962114085981515,0.9506642735441662,0.9506642735441662
7586,-0.3459656766490231,0.5649940270878955,0.5649940270878955
7587,-0.5272635832014916,0.29106631974333136,0.29106631974333136
7588,-0.947640964033672,0.6155021197171147,0.6155021197171147
7589,0.6191560883578284,0.08562419625579583,0.08562419625579583
7590,0.16062618687471586,0.7960863194997901,0.7960863194997901
7591,0.4408389592284896,0.3293552649929635,0.3293552649929635
7592,-0.1572856389654549,0.8937731301887206,0.8937731301887206
7593,0.9561613880970825,0.6834223664282177,0.6834223664282177
7594,0.24357052223250797,0.7657157925572137,0.7657157925572137
7595,-0.4582860235591275,0.30453833275423714,0.30453833275423714
7596,-0.9979416625165729,0.9302802002363719,0.9302802002363719
7597,-0.48583804063977376,0.29186249564111116,0.29186249564111116
7598,-0.5611436530336484,0.08963381494339448,0.08963381494339448
7599,0.9341983926724411,0.5050883508311437,0.5050883508311437
7600,0.9631842514638465,0.7305298846472494,0.7305298846472494
7601,0.6573976956132013,0.11831858023664094,0.11831858023664094
7602,0.930289189545046,0.5534511927446538,0.5534511927446538
7603,0.4243290276288094,0.35881793237688847,0.35881793237688847
7604,0.27204727677649876,0.6597653086020226,0.6597653086020226
7605,-0.42591071268372493,0.4381567761221055,0.4381567761221055
7606,-0.5033256683483422,0.2959029857512712,0.2959029857512712
7607,0.7414827978862666,0.0052084974343289325,0.0052084974343289325
7608,-0.3826009294565911,0.5669389026513618,0.5669389026513618
7609,-0.8773137171975169,0.2465776511218865,0.2465776511218865
7610,0.9977390472676582,1.0523061451683307,1.0523061451683307
7611,0.10465977900551726,0.9511483721115597,0.9511483721115597
7612,0.5464981440798626,0.210972778343588,0.210972778343588
7613,-0.17693593523067985,0.9134411063742686,0.9134411063742686
7614,-0.7671082698669145,0.10636692236006022,0.10636692236006022
7615,0.737540367114017,0.04294102482293065,0.04294102482293065
7616,0.162603160160812,0.8560290333566557,0.8560290333566557
7617,0.43366539021897554,0.3816219117528387,0.3816219117528387
7618,-0.2618556162129493,0.727528562764739,0.727528562764739
7619,-0.23792071087957867,0.8040776392725516,0.8040776392725516
7620,-0.7043689913732651,0.08041752220430766,0.08041752220430766
7621,-0.9907000282297986,0.9168718477961896,0.9168718477961896
7622,-0.8979559718187837,0.4682108008581747,0.4682108008581747
7623,0.2115324924958415,0.7971641999459885,0.7971641999459885
7624,0.3381442450738088,0.5812603152266151,0.5812603152266151
7625,0.42134000873954425,0.48992240158593836,0.48992240158593836
7626,-0.8730970843595038,0.2447959224162893,0.2447959224162893
7627,0.6494729974129032,-0.09008305687347701,-0.09008305687347701
7628,0.11096779359933961,0.993611314340573,0.993611314340573
7629,0.08828353144625511,0.9577289496977597,0.9577289496977597
7630,-0.7195401145515912,0.02686985577458827,0.02686985577458827
7631,0.5567131770121274,0.13155066896435402,0.13155066896435402
7632,0.23563552277626898,0.8244480024888765,0.8244480024888765
7633,-0.40547723789880497,0.477750500921613,0.477750500921613
7634,-0.9805347388175538,0.7960251203533034,0.7960251203533034
7635,0.3324388820210935,0.5022608780357032,0.5022608780357032
7636,-0.48234733550536935,0.32773855495406967,0.32773855495406967
7637,0.6136887862257849,0.037618604874728054,0.037618604874728054
7638,0.6867919240718996,0.04614298781292246,0.04614298781292246
7639,0.9608813076570575,0.6535089502504896,0.6535089502504896
7640,-0.4819370529142615,0.26935978566938246,0.26935978566938246
7641,-0.45510733817859794,0.35406368083629886,0.35406368083629886
7642,0.9279424742548861,0.5461561450127683,0.5461561450127683
7643,0.5274979380552174,0.13628170543451978,0.13628170543451978
7644,-0.1819656798824818,0.8893421335643682,0.8893421335643682
7645,-0.7534599122650429,0.04133330873359119,0.04133330873359119
7646,0.806126790065758,0.015091434031769449,0.015091434031769449
7647,0.4397462778351686,0.41253381110287984,0.41253381110287984
7648,0.7940400657742073,0.043331573426839506,0.043331573426839506
7649,0.28660721702589353,0.7352814257430677,0.7352814257430677
7650,0.6303079890814927,0.11719195687677916,0.11719195687677916
7651,-0.2717575118185396,0.7877810927885596,0.7877810927885596
7652,-0.546652241344032,0.1707597560932985,0.1707597560932985
7653,0.03299857166739173,0.963343042337051,0.963343042337051
7654,0.9368899429921707,0.5969918045957526,0.5969918045957526
7655,-0.3784299265852513,0.5571969612894053,0.5571969612894053
7656,-0.034693290727861203,1.0275582163706642,1.0275582163706642
7657,-0.09721999422838312,1.0157322180598325,1.0157322180598325
7658,-0.3825671835824105,0.3931942432353358,0.3931942432353358
7659,0.6908227743312789,-0.024438491416367523,-0.024438491416367523
7660,0.29520033295292314,0.6762487476868905,0.6762487476868905
7661,0.09057505426030232,0.9228101184999794,0.9228101184999794
7662,0.12814147789528718,0.9649117827572921,0.9649117827572921
7663,-0.9225186668516436,0.5651040281579294,0.5651040281579294
7664,0.1711003177996926,0.8813115680058062,0.8813115680058062
7665,0.33731754353722887,0.5177595122286369,0.5177595122286369
7666,0.6662400967437205,0.04878231059665038,0.04878231059665038
7667,-0.11269939115977001,0.9952823108767322,0.9952823108767322
7668,-0.5225085458257144,0.2539308641827095,0.2539308641827095
7669,0.05920915273026672,0.9619274897019655,0.9619274897019655
7670,0.8344171284106541,0.21886237977799272,0.21886237977799272
7671,0.5206007290464838,0.2068143752956133,0.2068143752956133
7672,-0.013392058729160494,1.0038851269290225,1.0038851269290225
7673,-0.11357616020390116,0.8407136017955952,0.8407136017955952
7674,0.4407419051892745,0.3273123310509783,0.3273123310509783
7675,-0.6058155267676684,0.025902222764978416,0.025902222764978416
7676,-0.898581024373706,0.4273717679990248,0.4273717679990248
7677,0.6305178790988788,0.049278581463920265,0.049278581463920265
7678,-0.3202011277708534,0.6603036697960251,0.6603036697960251
7679,0.9737911636489325,0.7764578362534901,0.7764578362534901
7680,-0.37832882865454387,0.47386652036583465,0.47386652036583465
7681,0.5895212182079139,0.0641874443436945,0.0641874443436945
7682,0.8986731546261582,0.35698565190581466,0.35698565190581466
7683,0.3195649668567877,0.6193977941575847,0.6193977941575847
7684,-0.6117033973518982,0.11367096506168045,0.11367096506168045
7685,-0.4722563380598541,0.23769425283519963,0.23769425283519963
7686,-0.7446084041283321,0.1188636880658551,0.1188636880658551
7687,-0.23935725030436505,0.7612614035391526,0.7612614035391526
7688,-0.6922927204621809,0.0675595666873699,0.0675595666873699
7689,0.27811028217727274,0.7017305897085532,0.7017305897085532
7690,0.24203793217783676,0.7667946387295789,0.7667946387295789
7691,-0.09603412537545508,1.0018612387941175,1.0018612387941175
7692,0.20629323469793515,0.9407519207647581,0.9407519207647581
7693,0.6321790752394214,0.06836834846110151,0.06836834846110151
7694,-0.2499296292139952,0.6619851546678303,0.6619851546678303
7695,0.6291499450319471,-0.03932914110369817,-0.03932914110369817
7696,-0.001073437989359327,1.0177328523523785,1.0177328523523785
7697,-0.38653464777886737,0.4776701483249096,0.4776701483249096
7698,-0.7030012705808006,-0.020137208674120333,-0.020137208674120333
7699,-0.7228828612480438,-0.07216498985365945,-0.07216498985365945
7700,0.3228182445280616,0.7581706659782076,0.7581706659782076
7701,-0.5250633102937434,0.21391254124592782,0.21391254124592782
7702,0.35673589806387374,0.5493506257940313,0.5493506257940313
7703,-0.08894369206474861,0.8576366178578281,0.8576366178578281
7704,0.5257412183649091,0.13141419273075539,0.13141419273075539
7705,0.2895550831548528,0.6835420921179178,0.6835420921179178
7706,-0.9008183439845103,0.44758153353961794,0.44758153353961794
7707,-0.5147526017882218,0.2793897751446891,0.2793897751446891
7708,-0.5361182836104199,0.1507141048849447,0.1507141048849447
7709,0.5638493044675008,0.10804039513090888,0.10804039513090888
7710,-0.3408142917745345,0.6599710848423448,0.6599710848423448
7711,0.5127625706956949,0.17335548016968966,0.17335548016968966
7712,-0.6863395952131504,-0.023286454324619853,-0.023286454324619853
7713,-0.6149701435632844,-0.03646755262763718,-0.03646755262763718
7714,-0.6944699478470371,-0.015007955529664545,-0.015007955529664545
7715,0.4614248967419221,0.3992421031546003,0.3992421031546003
7716,-0.028292116217007557,1.0318941659357985,1.0318941659357985
7717,-0.6334498324537252,0.07365308900856021,0.07365308900856021
7718,-0.09982727086842824,0.9517541142649283,0.9517541142649283
7719,-0.25134665710040904,0.7447858743515429,0.7447858743515429
7720,-0.7929566294396881,0.03633848692092602,0.03633848692092602
7721,-0.5887522863382957,0.15517265119093607,0.15517265119093607
7722,-0.1152360848656433,0.917177226637734,0.917177226637734
7723,0.6281592513291976,0.035817332981779186,0.035817332981779186
7724,-0.08190386795146054,0.9582385684486727,0.9582385684486727
7725,0.3982368558684166,0.4812047203484857,0.4812047203484857
7726,0.8800500001514802,0.29725411746581976,0.29725411746581976
7727,0.26277695157209857,0.6552549812534725,0.6552549812534725
7728,-0.365211026820792,0.5067948537008042,0.5067948537008042
7729,0.005165004416883834,1.0074460489337367,1.0074460489337367
7730,0.1877614633490048,0.7759776625099049,0.7759776625099049
7731,0.2912898404832336,0.6931070648535567,0.6931070648535567
7732,-0.1997904271361628,0.7989378335393764,0.7989378335393764
7733,0.3897082918465553,0.45232306362821445,0.45232306362821445
7734,0.21892680555853827,0.8082277785906642,0.8082277785906642
7735,0.28917772662998176,0.7048822027298672,0.7048822027298672
7736,-0.28795793383700286,0.7077991019496255,0.7077991019496255
7737,-0.1743435434799594,0.8427515525779984,0.8427515525779984
7738,0.49285169661162387,0.2642506406220429,0.2642506406220429
7739,0.991029119995251,0.9680957134499969,0.9680957134499969
7740,-0.7460751975546001,-0.022985260873649355,-0.022985260873649355
7741,-0.9813090793433397,0.865229788008432,0.865229788008432
7742,-0.7447310871006225,0.03766944123783281,0.03766944123783281
7743,0.4065433847477551,0.4968586073141738,0.4968586073141738
7744,-0.6813014750017621,0.07831272837647714,0.07831272837647714
7745,-0.9200461976814476,0.4338257714176448,0.4338257714176448
7746,-0.9069222994110011,0.360911491748776,0.360911491748776
7747,-0.46758863524985395,0.35641997003897685,0.35641997003897685
7748,0.4899705578457745,0.1952900381235233,0.1952900381235233
7749,-0.7219845562833775,0.03612733213700181,0.03612733213700181
7750,-0.9618345083969602,0.6745423329588383,0.6745423329588383
7751,-0.09620090572730633,0.8831561133132548,0.8831561133132548
7752,-0.5897452482208265,0.17918336358015752,0.17918336358015752
7753,0.634251431954286,0.11282593279543555,0.11282593279543555
7754,0.38119356495105916,0.5475010898211348,0.5475010898211348
7755,0.05662996892205352,1.00928525957229,1.00928525957229
7756,-0.2559407351478875,0.7352736278584615,0.7352736278584615
7757,-0.07222498569141256,1.0380026967174771,1.0380026967174771
7758,0.6684254981457813,0.021604735685673348,0.021604735685673348
7759,0.9570672667850342,0.6800789815443031,0.6800789815443031
7760,0.6971937321454742,0.07876374780925434,0.07876374780925434
7761,-0.12528235546919442,0.9820939861115799,0.9820939861115799
7762,0.908690257342839,0.5020602656400939,0.5020602656400939
7763,-0.22655399145046418,0.880807832116175,0.880807832116175
7764,-0.7418570886481004,-0.04835317344473562,-0.04835317344473562
7765,0.8523606969272202,0.17170408299637377,0.17170408299637377
7766,-0.9149223504172874,0.5045662298648045,0.5045662298648045
7767,0.8689525017411968,0.24902213890196295,0.24902213890196295
7768,-0.10119870969807554,0.9050049261385261,0.9050049261385261
7769,0.3746407545026951,0.49519861294072437,0.49519861294072437
7770,0.3640277132796794,0.5262229724669958,0.5262229724669958
7771,0.9422850868249173,0.6455408381361684,0.6455408381361684
7772,0.7834024951792296,0.03177355668576987,0.03177355668576987
7773,-0.23543317583809564,0.7941931400188667,0.7941931400188667
7774,-0.8119578917275676,0.09405446393260294,0.09405446393260294
7775,-0.4341484999638241,0.43662482250680273,0.43662482250680273
7776,0.6086654400669629,0.05171533190677925,0.05171533190677925
7777,0.8991537229430036,0.32830795920582917,0.32830795920582917
7778,0.4715517135966445,0.3517692296141525,0.3517692296141525
7779,0.31876268411847386,0.6728574390279574,0.6728574390279574
7780,-0.5796904609914373,0.11540600022151476,0.11540600022151476
7781,0.923427487014004,0.5714311306878866,0.5714311306878866
7782,0.505075034082684,0.33472462054962476,0.33472462054962476
7783,0.45531678367849215,0.29004785661538535,0.29004785661538535
7784,0.43901177883894915,0.4258167710018319,0.4258167710018319
7785,-0.4413946714847825,0.4492354980034453,0.4492354980034453
7786,-0.07601430653968344,1.014547878209504,1.014547878209504
7787,-0.6685045847180966,0.10649764885028254,0.10649764885028254
7788,-0.15910038695426376,0.902614297556414,0.902614297556414
7789,-0.48380441780764327,0.22054657456751783,0.22054657456751783
7790,0.3563944093265088,0.5507120762396315,0.5507120762396315
7791,-0.8499513498962237,0.26731451542972284,0.26731451542972284
7792,0.7001021624734298,0.03181747815360629,0.03181747815360629
7793,-0.8095973355784745,0.07634847278965987,0.07634847278965987
7794,-0.7006604560899219,0.017776151870009867,0.017776151870009867
7795,-0.5175410677577397,0.16066579274079182,0.16066579274079182
7796,0.3605388426784992,0.4851611450104025,0.4851611450104025
7797,-0.43894637124018043,0.3630116842369033,0.3630116842369033
7798,0.2558028300945281,0.787953654171304,0.787953654171304
7799,-0.39439070229846473,0.47581158349216307,0.47581158349216307
7800,0.7267215793583779,-0.02666215660181017,-0.02666215660181017
7801,-0.4145039936688415,0.3997515592829607,0.3997515592829607
7802,0.11055170003258374,0.9302028636318288,0.9302028636318288
7803,-0.13641297873071578,0.9605977998171241,0.9605977998171241
7804,-0.7287858443756345,0.06134449802270916,0.06134449802270916
7805,0.32448869385809576,0.5612323392480172,0.5612323392480172
7806,-0.22887344483663496,0.8356276078591542,0.8356276078591542
7807,-0.9715138738662503,0.7854849299379386,0.7854849299379386
7808,-0.17498325365969092,0.8323653243987753,0.8323653243987753
7809,-0.049378674212440465,1.0191222041392238,1.0191222041392238
7810,0.8472308425498536,0.19559869498138358,0.19559869498138358
7811,0.5700442771332643,0.06705512673469792,0.06705512673469792
7812,0.9510109598794063,0.6409233457602048,0.6409233457602048
7813,-0.7229883744520078,-0.07060514478686442,-0.07060514478686442
7814,0.4431004616786116,0.3655531212347467,0.3655531212347467
7815,-0.9384889422549112,0.5060886437114166,0.5060886437114166
7816,0.056440983297230574,1.0150864944411702,1.0150864944411702
7817,-0.5087570162989228,0.28618379509650776,0.28618379509650776
7818,0.3495886522436631,0.58319902444828,0.58319902444828
7819,0.3178658381446293,0.5934301229183854,0.5934301229183854
7820,0.37065946162717456,0.46964484131156237,0.46964484131156237
7821,0.4325067246709937,0.42688688690688187,0.42688688690688187
7822,0.40741541787510616,0.4306808624936522,0.4306808624936522
7823,0.6859522404594189,0.019315237087888803,0.019315237087888803
7824,0.7566653871677127,0.07262831624399524,0.07262831624399524
7825,0.3039135658637655,0.739847379699034,0.739847379699034
7826,0.6516805901580616,-0.040681237106737246,-0.040681237106737246
7827,-0.8275759891221506,0.2313206562436489,0.2313206562436489
7828,-0.1758451409623838,0.7987822941436417,0.7987822941436417
7829,0.92256871377365,0.4909063837238382,0.4909063837238382
7830,0.6266213578203677,-0.050573947484780245,-0.050573947484780245
7831,-0.951375601248605,0.6393505383141397,0.6393505383141397
7832,-0.931809724242546,0.5226534010462484,0.5226534010462484
7833,-0.15132208495882105,0.93406109995933,0.93406109995933
7834,-0.11186629874484177,0.8846412253904389,0.8846412253904389
7835,-0.8363466418641856,0.12366039228376505,0.12366039228376505
7836,0.3956822536974578,0.48694187042770376,0.48694187042770376
7837,0.5445886883431663,0.25218472414078286,0.25218472414078286
7838,0.2834923376101166,0.7014669058539824,0.7014669058539824
7839,-0.7716699817843757,0.12345931695623205,0.12345931695623205
7840,-0.4770606139278961,0.2778736906345943,0.2778736906345943
7841,0.4863641681960593,0.30567545592221623,0.30567545592221623
7842,-0.4082176924520642,0.4298911328295966,0.4298911328295966
7843,0.27260216707720253,0.7395473964525581,0.7395473964525581
7844,-0.17377912935051065,0.9122124051192846,0.9122124051192846
7845,0.7627710077701759,0.11158893608648462,0.11158893608648462
7846,-0.08204539976421432,0.8645045644476115,0.8645045644476115
7847,0.7149254808180643,0.03537400370272828,0.03537400370272828
7848,-0.7181454472197715,0.002105013120286106,0.002105013120286106
7849,0.43667360761308416,0.48076724061558224,0.48076724061558224
7850,0.9844551741500007,0.8589323514568359,0.8589323514568359
7851,0.5509310745483815,0.12947264099030886,0.12947264099030886
7852,0.3757623621114643,0.5419765933440498,0.5419765933440498
7853,0.3016968413623369,0.704748792842903,0.704748792842903
7854,-0.7603220356678522,0.03720375993694031,0.03720375993694031
7855,-0.5417143099743171,0.16305829902293745,0.16305829902293745
7856,0.06697075744025827,1.070295507647376,1.070295507647376
7857,0.9228972210772985,0.43487681275006396,0.43487681275006396
7858,0.5845755670632273,0.0622827297527775,0.0622827297527775
7859,-0.9649040168579321,0.6973262761066803,0.6973262761066803
7860,-0.5513379248962984,0.04751830290104854,0.04751830290104854
7861,0.30204119950106967,0.658059871101535,0.658059871101535
7862,-0.40437098658262394,0.5557734175183521,0.5557734175183521
7863,-0.05680445468724793,1.0348400853369657,1.0348400853369657
7864,-0.9385667829387225,0.5616269025162695,0.5616269025162695
7865,0.014631829437403931,0.950258312395785,0.950258312395785
7866,0.7772444945780321,0.039765220353027146,0.039765220353027146
7867,0.4613157357422133,0.31450844544770773,0.31450844544770773
7868,0.8589385082199705,0.17820228102365077,0.17820228102365077
7869,-0.45927034349224805,0.40076303794213686,0.40076303794213686
7870,-0.06650440290933579,0.9762808709335665,0.9762808709335665
7871,-0.36732854506440527,0.5939128537517563,0.5939128537517563
7872,-0.6720991846991689,-0.01801966778431718,-0.01801966778431718
7873,0.3417879261169694,0.5386431220936939,0.5386431220936939
7874,0.310975214735973,0.7228877509963048,0.7228877509963048
7875,0.9157716392764192,0.4280514100462835,0.4280514100462835
7876,-0.8498666536288058,0.20540277180341607,0.20540277180341607
7877,0.863301507498929,0.22879066963297182,0.22879066963297182
7878,0.4134718499943182,0.45162429508560775,0.45162429508560775
7879,-0.7637105448149635,-0.007035690920737879,-0.007035690920737879
7880,0.012329975504599577,0.9474348100361543,0.9474348100361543
7881,0.6567712396625753,0.01958602787232914,0.01958602787232914
7882,-0.39782512009761106,0.4463631705802448,0.4463631705802448
7883,0.06193532301404314,0.9581576456016715,0.9581576456016715
7884,-0.7379222884622354,0.10587721883640772,0.10587721883640772
7885,0.5384115250597523,0.23215765438861202,0.23215765438861202
7886,0.5038930338538923,0.1844559970755837,0.1844559970755837
7887,0.43924360706572885,0.3981664807918807,0.3981664807918807
7888,0.13832470227980043,0.91881793465034,0.91881793465034
7889,0.5062481105281662,0.25953372883083375,0.25953372883083375
7890,0.7772012130088901,0.02600648427956048,0.02600648427956048
7891,-0.8450661251650149,0.21347438653501588,0.21347438653501588
7892,0.4511997575656421,0.3752745582923717,0.3752745582923717
7893,0.22061106261262764,0.8521374859493837,0.8521374859493837
7894,-0.6806254966497813,-0.00882990981890882,-0.00882990981890882
7895,0.6851113356722733,0.11772225038068851,0.11772225038068851
7896,-0.1481995958057738,0.8744533335013217,0.8744533335013217
7897,-0.5995845884782798,0.06430863559572514,0.06430863559572514
7898,-0.24776652104916463,0.7582589264698308,0.7582589264698308
7899,0.12277763196218316,0.9704011642570275,0.9704011642570275
7900,0.9420303828497192,0.6765163090023606,0.6765163090023606
7901,-0.24698282888866063,0.6899673930340535,0.6899673930340535
7902,-0.08123391838225524,0.9851742214227328,0.9851742214227328
7903,0.07388023099938956,1.0387980117665363,1.0387980117665363
7904,0.3454169167322956,0.5767967309571124,0.5767967309571124
7905,0.5462131199812297,0.1960112796061561,0.1960112796061561
7906,0.4780222266018015,0.3176658244141497,0.3176658244141497
7907,-0.016004849408661537,0.9739466316212135,0.9739466316212135
7908,-0.08766318677940887,0.9049099687933919,0.9049099687933919
7909,-0.21257788965196078,0.7802327020572604,0.7802327020572604
7910,0.04297210444156652,0.960339155668567,0.960339155668567
7911,0.1228554953876273,0.9558697507526799,0.9558697507526799
7912,-0.6771176941086359,0.0649568732418773,0.0649568732418773
7913,0.4578549297511716,0.3156153621028922,0.3156153621028922
7914,-0.9209487121480642,0.48057872353448,0.48057872353448
7915,-0.324976253478082,0.5881445739274493,0.5881445739274493
7916,0.17588284575313717,0.9199294188976942,0.9199294188976942
7917,-0.8071033908334311,0.07513126136419103,0.07513126136419103
7918,0.7390163973620723,-0.07579158414317264,-0.07579158414317264
7919,-0.8692262954219772,0.24483188230646913,0.24483188230646913
7920,0.0975049075942529,1.0140358304433006,1.0140358304433006
7921,0.09573926018290058,0.9987262071582003,0.9987262071582003
7922,-0.552915817844319,0.22242417166007938,0.22242417166007938
7923,0.9565043393425554,0.5967438761756546,0.5967438761756546
7924,0.30766717234850716,0.6942959800308348,0.6942959800308348
7925,-0.763047501513896,-0.07364855820838187,-0.07364855820838187
7926,-0.26922158982640254,0.7372904048215576,0.7372904048215576
7927,-0.626267410604257,0.09257589639277465,0.09257589639277465
7928,-0.6994186655204278,-0.08546091353935154,-0.08546091353935154
7929,-0.5683423287706302,0.1174004354514427,0.1174004354514427
7930,0.4614441373585032,0.3911993565199816,0.3911993565199816
7931,0.7878302244452002,0.1016179450557102,0.1016179450557102
7932,0.9550922709408594,0.6960956692138406,0.6960956692138406
7933,-0.5896793306860224,0.08027188663838393,0.08027188663838393
7934,-0.2705802423018815,0.7214180422659942,0.7214180422659942
7935,-0.7473986224909579,0.02301501904300363,0.02301501904300363
7936,0.030225919352646846,1.002662481853856,1.002662481853856
7937,-0.9469473711698384,0.593023537936617,0.593023537936617
7938,-0.7064202101476629,0.05965354381290701,0.05965354381290701
7939,0.17195373116221413,0.9042371447605466,0.9042371447605466
7940,0.6053466648625645,0.05181857165660608,0.05181857165660608
7941,-0.0947772628314647,0.955248954793358,0.955248954793358
7942,0.4447008376001078,0.3649031761919382,0.3649031761919382
7943,0.6960583522889325,0.010804281328148516,0.010804281328148516
7944,0.1852792889932371,0.7434317957821877,0.7434317957821877
7945,-0.9262549331753049,0.4919946031033215,0.4919946031033215
7946,0.9222526269637821,0.44014376050987747,0.44014376050987747
7947,-0.7266044749035327,0.021104062693866298,0.021104062693866298
7948,-0.8553205398362149,0.1534851214889221,0.1534851214889221
7949,0.21360075003908596,0.813105645511007,0.813105645511007
7950,0.6824014457883496,-0.02332113106993866,-0.02332113106993866
7951,-0.2856303679142298,0.6793680250837483,0.6793680250837483
7952,0.006867068985226155,1.0944870136438516,1.0944870136438516
7953,-0.7600830337211752,-0.02872896232145976,-0.02872896232145976
7954,-0.12976410091615365,1.0218778859406752,1.0218778859406752
7955,0.3139696524728335,0.5786035736090798,0.5786035736090798
7956,0.6146072541688046,0.01137368059069873,0.01137368059069873
7957,0.30362005783921076,0.6615876882164651,0.6615876882164651
7958,-0.80618815140196,0.14384439086279632,0.14384439086279632
7959,0.8608658644532756,0.23898233606421596,0.23898233606421596
7960,0.5899601196769431,0.07735838306862994,0.07735838306862994
7961,0.5262741974461671,0.29128670849289684,0.29128670849289684
7962,-0.9984996218818194,0.9924952462804945,0.9924952462804945
7963,0.3330214614154694,0.5821500673652531,0.5821500673652531
7964,-0.7448779533235375,-0.06755429557713212,-0.06755429557713212
7965,0.19894041707666021,0.8381347609933243,0.8381347609933243
7966,0.20496496128384956,0.8109607928225406,0.8109607928225406
7967,-0.8999925147279877,0.3250841470545597,0.3250841470545597
7968,-0.11655066542256876,0.8196322208101833,0.8196322208101833
7969,-0.33533237263135773,0.5568056398511745,0.5568056398511745
7970,-0.7313575305028261,0.007194271267582533,0.007194271267582533
7971,-0.054969941352279506,0.9556688933000457,0.9556688933000457
7972,0.8052299559953648,0.07828578512881518,0.07828578512881518
7973,-0.9681479093229974,0.7268964483527008,0.7268964483527008
7974,-0.23784953054246105,0.8083814068990184,0.8083814068990184
7975,-0.63951480968422,0.019704475723443915,0.019704475723443915
7976,-0.42354366405131194,0.41418359522697573,0.41418359522697573
7977,0.10422189432610529,0.9794689610637293,0.9794689610637293
7978,0.7632802267709851,0.0019088815977672292,0.0019088815977672292
7979,-0.1730978987409122,0.906715454989544,0.906715454989544
7980,0.6184424788941367,0.06827324458483587,0.06827324458483587
7981,0.7361792421810336,-0.006202113235038175,-0.006202113235038175
7982,0.26899969697691617,0.7127054808510781,0.7127054808510781
7983,-0.9173106542774643,0.4756474515934999,0.4756474515934999
7984,0.03828161416968845,0.9918521602764407,0.9918521602764407
7985,0.3640486185821006,0.5325026326998639,0.5325026326998639
7986,0.5601092145403879,0.1605893321556717,0.1605893321556717
7987,0.13350291136227255,0.9307009385514053,0.9307009385514053
7988,0.5903160784658072,0.04377832552885581,0.04377832552885581
7989,0.04597854995383721,0.9502555450440879,0.9502555450440879
7990,0.5358699335348465,0.18381045095956144,0.18381045095956144
7991,-0.9236610338096418,0.4996725343177951,0.4996725343177951
7992,-0.9693145725354764,0.7562997799173818,0.7562997799173818
7993,-0.5665478180635104,0.06495904464998406,0.06495904464998406
7994,-0.4375005062142341,0.2883953717419169,0.2883953717419169
7995,-0.2054847380435214,0.8789388917284757,0.8789388917284757
7996,-0.9870609481742749,0.8470840066575233,0.8470840066575233
7997,-0.45160190027010416,0.3309903948509334,0.3309903948509334
7998,0.9778207183166072,0.8301742415228507,0.8301742415228507
7999,0.8299298312620582,0.1477379742691659,0.1477379742691659
8000,0.4959202442470385,0.24594406185249537,0.24594406185249537
8001,0.33081943327287755,0.5857725680946868,0.5857725680946868
8002,0.11713383384116316,0.9114164170568307,0.9114164170568307
8003,-0.9366960030872891,0.5766144415038634,0.5766144415038634
8004,0.6190279555238387,0.1375962239109709,0.1375962239109709
8005,-0.5430783617127906,0.19062296584777944,0.19062296584777944
8006,0.09838880360593238,1.0225284984754226,1.0225284984754226
8007,0.9710875788071496,0.7029222403269899,0.7029222403269899
8008,0.7485761749299256,0.040142603448705495,0.040142603448705495
8009,0.22068021519364645,0.8702128879919948,0.8702128879919948
8010,0.9949665508138625,0.9026756440507626,0.9026756440507626
8011,0.3775075997599877,0.5449205288716326,0.5449205288716326
8012,-0.36080725301836813,0.5442338754186054,0.5442338754186054
8013,0.8637553415654904,0.3143874776726742,0.3143874776726742
8014,-0.985736957241923,0.8856624117775255,0.8856624117775255
8015,-0.33041718480567606,0.6360471111336691,0.6360471111336691
8016,-0.13050559079140167,0.909749707046553,0.909749707046553
8017,-0.0815185632497819,0.9482708894282801,0.9482708894282801
8018,-0.6021511429440574,0.06951834635785283,0.06951834635785283
8019,0.9874807976792772,0.8094835662887427,0.8094835662887427
8020,-0.5052656386953254,0.2974319495182554,0.2974319495182554
8021,0.06546298720313759,0.9982014743700592,0.9982014743700592
8022,-0.5453766854275763,0.11549467625341416,0.11549467625341416
8023,-0.7395336751499355,-0.031364848079102316,-0.031364848079102316
8024,-0.5899805117346701,0.05123825195527853,0.05123825195527853
8025,0.46302424362165406,0.34532449399122966,0.34532449399122966
8026,0.9157762748011944,0.46830090197271057,0.46830090197271057
8027,-0.9863225772782387,0.8361693062659954,0.8361693062659954
8028,0.9872247514892281,0.8195917756153835,0.8195917756153835
8029,-0.08750696692622895,1.0009414515670827,1.0009414515670827
8030,0.31328932031537415,0.5974471284921823,0.5974471284921823
8031,0.3662332678394493,0.5762796121693472,0.5762796121693472
8032,-0.22136261305972904,0.7537761238689783,0.7537761238689783
8033,0.07227355709976502,0.9346082746324265,0.9346082746324265
8034,-0.670273638350499,-0.030183456792254544,-0.030183456792254544
8035,0.12471575951291913,0.9652314135537183,0.9652314135537183
8036,-0.9987556252240741,0.9994135344032927,0.9994135344032927
8037,0.24512758092483256,0.7948051417345181,0.7948051417345181
8038,-0.5924535261849635,0.025633489317937436,0.025633489317937436
8039,0.8528669622412433,0.17069493221199195,0.17069493221199195
8040,0.885948841391281,0.32291445003108543,0.32291445003108543
8041,-0.39528670606556426,0.4273097548563522,0.4273097548563522
8042,-0.9953191874206944,0.928350019467155,0.928350019467155
8043,0.2147999001071299,0.81307088436684,0.81307088436684
8044,0.26491147738550036,0.7102460356768515,0.7102460356768515
8045,-0.4324529382931215,0.40007042037014856,0.40007042037014856
8046,0.47675770903947257,0.3112244833656673,0.3112244833656673
8047,0.05450522303152927,0.9908430027097531,0.9908430027097531
8048,0.14873063314270007,0.8827533015769904,0.8827533015769904
8049,0.9635749240684903,0.7752350696531496,0.7752350696531496
8050,0.8423103771772646,0.17773389062924083,0.17773389062924083
8051,-0.11050549866533199,0.9753414100095331,0.9753414100095331
8052,0.6709345962855429,0.03430342395414706,0.03430342395414706
8053,0.5932975792226263,0.07564723948748171,0.07564723948748171
8054,0.1705774165447398,0.8892076474974147,0.8892076474974147
8055,0.24376470812382767,0.711903547953482,0.711903547953482
8056,-0.6287039659207188,0.0005660798793782826,0.0005660798793782826
8057,-0.34698442056419077,0.65781963094968,0.65781963094968
8058,-0.04874870101296125,1.033842903473528,1.033842903473528
8059,0.3938671367221891,0.4155105381449302,0.4155105381449302
8060,-0.3319843896955448,0.5834844811328074,0.5834844811328074
8061,-0.818582366274629,0.08614615890548849,0.08614615890548849
8062,0.572405502047252,0.09660958374585414,0.09660958374585414
8063,0.9520994151726179,0.6448557814580991,0.6448557814580991
8064,0.8101183871212636,0.05672825882930372,0.05672825882930372
8065,0.7895198026057924,0.05306635667840664,0.05306635667840664
8066,0.7221539922334119,-0.02025196689063213,-0.02025196689063213
8067,-0.6071797928494795,0.08817917267782502,0.08817917267782502
8068,0.830882102643961,0.1365210946896658,0.1365210946896658
8069,0.6052595981215798,0.05650537325242737,0.05650537325242737
8070,0.2648816712730089,0.6680520460621773,0.6680520460621773
8071,0.9956735464847406,0.9016169225223803,0.9016169225223803
8072,0.01025151365808763,0.9864655530339156,0.9864655530339156
8073,-0.47356844090481376,0.34435718880248833,0.34435718880248833
8074,0.1771064004250571,0.9423244388050558,0.9423244388050558
8075,-0.8332665414513933,0.08489429645304425,0.08489429645304425
8076,-0.7255035350031611,0.023123914024949555,0.023123914024949555
8077,0.8684821677064785,0.26720596964536253,0.26720596964536253
8078,0.5873322048000578,0.11142165500244827,0.11142165500244827
8079,0.8357140061127479,0.1721440623288814,0.1721440623288814
8080,-0.18093710720119915,0.8103807039556854,0.8103807039556854
8081,-0.7240921627460453,-0.005111635398954963,-0.005111635398954963
8082,0.6980466812334494,0.011055741354018734,0.011055741354018734
8083,0.8667060418497285,0.2887299698401987,0.2887299698401987
8084,-0.9644561867454517,0.6989335155329941,0.6989335155329941
8085,0.1407607318397901,0.9581450563765528,0.9581450563765528
8086,0.162674719950765,0.8713012656497561,0.8713012656497561
8087,0.24164329822804942,0.7410571554073717,0.7410571554073717
8088,0.8965345455719822,0.4092523768633153,0.4092523768633153
8089,0.42178798516445504,0.40817259660226163,0.40817259660226163
8090,0.7436778535190947,0.008070885282662366,0.008070885282662366
8091,-0.2617671346473698,0.7830042282729279,0.7830042282729279
8092,-0.7907251507357604,0.12758325106621962,0.12758325106621962
8093,0.300481993688017,0.6430662703463998,0.6430662703463998
8094,0.8393125104218642,0.27679930759680305,0.27679930759680305
8095,-0.967359919072103,0.7994943575327544,0.7994943575327544
8096,0.13101774701060398,0.8856046608128836,0.8856046608128836
8097,-0.61751878912805,0.02309806562209077,0.02309806562209077
8098,-0.23334025988161833,0.7316055213512651,0.7316055213512651
8099,0.4640016825234696,0.29272167521812487,0.29272167521812487
8100,0.9874251694325076,0.8705445137123747,0.8705445137123747
8101,-0.3354063116778343,0.5735021152662366,0.5735021152662366
8102,0.29014015845304963,0.7306523752295444,0.7306523752295444
8103,-0.7023214718349353,-0.04843879861682246,-0.04843879861682246
8104,-0.7747937854060918,0.07969327049580063,0.07969327049580063
8105,-0.2712821871761093,0.6893672406716347,0.6893672406716347
8106,-0.285432800593862,0.7871205956752847,0.7871205956752847
8107,0.42480890060620946,0.3751242981449025,0.3751242981449025
8108,-0.09607414595718056,0.9202127426601883,0.9202127426601883
8109,0.10035280359527299,1.0276100605632936,1.0276100605632936
8110,0.9238380143756355,0.5295431921148483,0.5295431921148483
8111,0.7737089164381425,0.07628077284839425,0.07628077284839425
8112,-0.28524032565361135,0.6587771600894309,0.6587771600894309
8113,-0.3331257164903838,0.5852941598241321,0.5852941598241321
8114,0.7386380480170307,-0.023294077054798745,-0.023294077054798745
8115,0.056528458742548526,1.0253477681927072,1.0253477681927072
8116,0.6779872435231453,-0.050377849706207546,-0.050377849706207546
8117,0.4581151349428878,0.37523028638981687,0.37523028638981687
8118,0.6093704828606861,0.09530521138704144,0.09530521138704144
8119,-0.9131030813555061,0.45781430296041636,0.45781430296041636
8120,-5.417476558045031e-05,0.9720771817267388,0.9720771817267388
8121,0.2816371173220742,0.7234918305568794,0.7234918305568794
8122,0.1966575731635194,0.8531212355579042,0.8531212355579042
8123,0.7953010916349528,0.08287936038186274,0.08287936038186274
8124,-0.037151132741603865,0.9786559335517956,0.9786559335517956
8125,0.09253475808943379,0.9456444447617913,0.9456444447617913
8126,-0.029075935037515155,1.0048800722686255,1.0048800722686255
8127,-0.9975045811188057,0.9976368498367406,0.9976368498367406
8128,-0.7940555619370744,0.08525019396330788,0.08525019396330788
8129,-0.24810524990187788,0.7078288634492637,0.7078288634492637
8130,0.6021843780184712,0.01038829780489689,0.01038829780489689
8131,0.2873242130843092,0.723865977057173,0.723865977057173
8132,0.9318599818068609,0.5386885381717128,0.5386885381717128
8133,-0.256568219112971,0.669835315874749,0.669835315874749
8134,-0.5648202203749211,0.2536192079802968,0.2536192079802968
8135,0.5149403564500135,0.10541744894088934,0.10541744894088934
8136,0.5528634202376752,0.16921409735820828,0.16921409735820828
8137,-0.8129963811718763,0.20089940883910715,0.20089940883910715
8138,0.9050250195595508,0.3727827662517919,0.3727827662517919
8139,0.6872145419577311,-0.043556263104076204,-0.043556263104076204
8140,0.37543272797740257,0.5639223310370076,0.5639223310370076
8141,0.33798890637511114,0.5657914796247012,0.5657914796247012
8142,-0.566706371439708,0.19290421917172879,0.19290421917172879
8143,-0.5677631554079314,0.23978373741595696,0.23978373741595696
8144,0.47100271917165615,0.2948376831564801,0.2948376831564801
8145,0.9752623205786273,0.8474209784616858,0.8474209784616858
8146,0.3236532467059996,0.6070943029159611,0.6070943029159611
8147,-0.20147962916279472,0.9090883132749149,0.9090883132749149
8148,-0.6197606521061125,0.027681584670821224,0.027681584670821224
8149,0.6590923546045884,0.03083908929800317,0.03083908929800317
8150,-0.2567869093417585,0.7838602685953794,0.7838602685953794
8151,-0.877231245046503,0.2600239455000074,0.2600239455000074
8152,0.6073469682884176,0.04907249918425817,0.04907249918425817
8153,0.9480261014578761,0.5936111096395411,0.5936111096395411
8154,-0.9504162078961504,0.6288194306877496,0.6288194306877496
8155,-0.9710226462753335,0.8608484256515576,0.8608484256515576
8156,0.1440935533070673,0.8555908059085795,0.8555908059085795
8157,0.010302071148160064,1.0208578692159431,1.0208578692159431
8158,-0.9313041277142562,0.5096618475983451,0.5096618475983451
8159,0.36631403953385755,0.5724861769291073,0.5724861769291073
8160,-0.7609630202833706,0.04994039584766506,0.04994039584766506
8161,0.5954492585138975,0.11731485875019652,0.11731485875019652
8162,-0.604707421373978,0.013488732370977544,0.013488732370977544
8163,-0.1823601574790239,0.8436227939330003,0.8436227939330003
8164,-0.5711831197967732,0.12347673742731355,0.12347673742731355
8165,0.9742064072291448,0.715602165711329,0.715602165711329
8166,0.9883070387609092,0.9156556051348291,0.9156556051348291
8167,0.4577452566779938,0.35215353036281416,0.35215353036281416
8168,-0.5697857418519721,0.1256078272874139,0.1256078272874139
8169,0.28492975568867496,0.69501935489748,0.69501935489748
8170,-0.12579620530715996,0.9773838273323611,0.9773838273323611
8171,-0.5774083118714239,0.022634613182260288,0.022634613182260288
8172,0.8703007635634643,0.29524537533168965,0.29524537533168965
8173,0.46885802026168744,0.4084545956295523,0.4084545956295523
8174,-0.7014769178076061,-0.009374108841378452,-0.009374108841378452
8175,-0.38599395424471394,0.5568659600208941,0.5568659600208941
8176,-0.7809689733219671,0.07140197119200035,0.07140197119200035
8177,-0.3970619991396225,0.5084016292685081,0.5084016292685081
8178,0.0018760984696690741,0.9123754668193083,0.9123754668193083
8179,-0.06821102816347446,0.956495945302506,0.956495945302506
8180,0.5771341817712097,0.08706393160153375,0.08706393160153375
8181,-0.7238679902217389,0.031059350272867256,0.031059350272867256
8182,-0.47901040770176784,0.3155750786893712,0.3155750786893712
8183,-0.2784104081664107,0.7976897770321763,0.7976897770321763
8184,-0.4858289037174721,0.26006499271850164,0.26006499271850164
8185,-0.3167818960453459,0.708937943859226,0.708937943859226
8186,-0.3858376511391528,0.4713137057279901,0.4713137057279901
8187,-0.4955643118696591,0.2546445930766039,0.2546445930766039
8188,-0.31494476524197856,0.6329631138901942,0.6329631138901942
8189,0.8512822932807032,0.16060705043795534,0.16060705043795534
8190,-0.8544527752933224,0.16408209725287917,0.16408209725287917
8191,0.9342780353699816,0.5487808037539591,0.5487808037539591
8192,-0.9217400611090509,0.46972148292880667,0.46972148292880667
8193,-0.009588692216262462,0.9778399632361566,0.9778399632361566
8194,-0.8868524730438598,0.3572150155793807,0.3572150155793807
8195,-0.022479600508199304,0.9345735263795905,0.9345735263795905
8196,-0.8593872023977198,0.25856581014569696,0.25856581014569696
8197,-0.887821798762652,0.3195501851185706,0.3195501851185706
8198,-0.37587631096360785,0.508195655022297,0.508195655022297
8199,0.08371130863458576,0.9743560777369694,0.9743560777369694
8200,-0.5653886007328937,0.21077391272131968,0.21077391272131968
8201,-0.12264305913162188,0.9267735867621535,0.9267735867621535
8202,0.7235010424859019,-0.09643780189840029,-0.09643780189840029
8203,0.6986273011632866,0.0014125558309071755,0.0014125558309071755
8204,-0.20501686531151142,0.7054811349348851,0.7054811349348851
8205,0.2843787108757605,0.71811677600709,0.71811677600709
8206,0.6095179469119345,0.12760667652160707,0.12760667652160707
8207,-0.43052527183559874,0.332361390621231,0.332361390621231
8208,0.29047625891036,0.6744399933591371,0.6744399933591371
8209,-0.91706952830324,0.47392579005235075,0.47392579005235075
8210,-0.6307478754683074,0.0705854433691247,0.0705854433691247
8211,-0.83071269072973,0.16412321908579536,0.16412321908579536
8212,-0.2548940599917009,0.8848772276693035,0.8848772276693035
8213,-0.7309158137888179,-0.08684955419464954,-0.08684955419464954
8214,-0.7314079431325506,-0.050347052551242874,-0.050347052551242874
8215,0.23033825282373543,0.799745445288649,0.799745445288649
8216,-0.07919300962715847,0.9787420008498458,0.9787420008498458
8217,0.27207136796952924,0.7619456845689916,0.7619456845689916
8218,0.9333412522915525,0.5665404435273782,0.5665404435273782
8219,-0.803808297253082,-0.028887284124071003,-0.028887284124071003
8220,0.6823251519574793,-0.08667713652493954,-0.08667713652493954
8221,-0.6692380805098999,0.058978224230732304,0.058978224230732304
8222,0.8106296006735385,0.17557359871502726,0.17557359871502726
8223,0.9620793397700758,0.7221413555455904,0.7221413555455904
8224,-0.34224604368550793,0.5801256059056836,0.5801256059056836
8225,-0.712563256582115,0.04587566805425023,0.04587566805425023
8226,-0.6085036154298655,0.12496312245613245,0.12496312245613245
8227,-0.8007289576504222,0.06232723591295383,0.06232723591295383
8228,-0.247799793429067,0.7925959904662108,0.7925959904662108
8229,-0.15793515569835104,0.8564304193565404,0.8564304193565404
8230,0.9381338294316006,0.5784019337040232,0.5784019337040232
8231,0.728078831193391,-0.05535861076350351,-0.05535861076350351
8232,-0.016772502686283275,0.9758960599247148,0.9758960599247148
8233,0.8295100578847481,0.10692288322851673,0.10692288322851673
8234,0.45745158048851,0.3870266780299911,0.3870266780299911
8235,-0.6931670464497894,-0.12634728283454513,-0.12634728283454513
8236,0.8768217545983716,0.29184098326858804,0.29184098326858804
8237,0.21562273764662976,0.852886158345826,0.852886158345826
8238,-0.9292857597273159,0.528813270753851,0.528813270753851
8239,-0.46595721028755976,0.26648803712722763,0.26648803712722763
8240,0.469416538995979,0.3140713303013511,0.3140713303013511
8241,-0.10560005274682571,1.0219284282021663,1.0219284282021663
8242,-0.8266956479324914,0.17353739598441978,0.17353739598441978
8243,0.2430469013739609,0.7498742880948476,0.7498742880948476
8244,-0.24639297813525118,0.7074161748807076,0.7074161748807076
8245,0.045026159195376,0.9507541445943609,0.9507541445943609
8246,-0.7723011088396468,0.0704101500699499,0.0704101500699499
8247,0.17825413822615666,0.9044200540119458,0.9044200540119458
8248,0.42977147619960876,0.3776452869810624,0.3776452869810624
8249,-0.07876973207815352,1.0135809437087004,1.0135809437087004
8250,0.5626415973189638,0.11679630550091982,0.11679630550091982
8251,0.20056666762410358,0.8908507156403642,0.8908507156403642
8252,0.5898683317826758,0.058518317723764424,0.058518317723764424
8253,0.8917277200120446,0.4042245147165656,0.4042245147165656
8254,0.598604374214587,0.08175357304365842,0.08175357304365842
8255,0.2182826907589075,0.8343202698105062,0.8343202698105062
8256,0.8329148068846022,0.23747514526176416,0.23747514526176416
8257,-0.4897579973428161,0.17766392173482143,0.17766392173482143
8258,-0.35889286791679353,0.5668246109696816,0.5668246109696816
8259,0.06199961828941736,0.9721428939667316,0.9721428939667316
8260,-0.45622583324035926,0.27876892094246686,0.27876892094246686
8261,0.411421606396686,0.4446762946992009,0.4446762946992009
8262,0.9099496930523525,0.3955787628026206,0.3955787628026206
8263,-0.3462179471089888,0.5608730592602031,0.5608730592602031
8264,0.5015983381012519,0.24108817580276445,0.24108817580276445
8265,0.7516307017341599,0.0719136461774475,0.0719136461774475
8266,0.12434062571305704,0.9648540000590646,0.9648540000590646
8267,-0.4051091881440996,0.5037489196226494,0.5037489196226494
8268,0.31660889169804385,0.6376686533175773,0.6376686533175773
8269,0.04693743463273847,0.9664030953240172,0.9664030953240172
8270,0.4728830318985189,0.3390651090380475,0.3390651090380475
8271,-0.37414798253578896,0.5263284963349414,0.5263284963349414
8272,0.17399412285169258,0.8657332123264603,0.8657332123264603
8273,-0.7632315467158761,-0.050921979637500975,-0.050921979637500975
8274,-0.3775498508158681,0.5357392779801322,0.5357392779801322
8275,-0.4495877650445188,0.3505908265822297,0.3505908265822297
8276,0.8130478739316389,0.07710411094624897,0.07710411094624897
8277,0.8538984858436267,0.22018469342364302,0.22018469342364302
8278,-0.27393898347747014,0.7377150017438621,0.7377150017438621
8279,0.41010927206378556,0.4652804313335848,0.4652804313335848
8280,-0.15100770917002393,0.8892129739574893,0.8892129739574893
8281,-0.5230481914366361,0.2862191414232698,0.2862191414232698
8282,-0.04034551491352767,1.0162078111827013,1.0162078111827013
8283,0.6416333905877682,0.09205336944735176,0.09205336944735176
8284,0.312961350544837,0.6119591361817103,0.6119591361817103
8285,0.6008789526157194,0.08862937155228806,0.08862937155228806
8286,0.6584432217275189,0.05567195272736002,0.05567195272736002
8287,0.47458234521732745,0.32176828569099736,0.32176828569099736
8288,-0.5238679931337995,0.18266849426427498,0.18266849426427498
8289,0.5872831427228533,0.07073070594892376,0.07073070594892376
8290,-0.7162390009610637,-0.04204200127057318,-0.04204200127057318
8291,-0.9005855040887214,0.3212395334757217,0.3212395334757217
8292,0.3861433639034668,0.5430613915750944,0.5430613915750944
8293,0.31620388563293256,0.6938199584301461,0.6938199584301461
8294,-0.6624940537443118,-0.04041145882198483,-0.04041145882198483
8295,0.36278763105175527,0.6271086929980799,0.6271086929980799
8296,-0.21530019333872064,0.8901873179702632,0.8901873179702632
8297,0.5987459686863923,0.021407578824031125,0.021407578824031125
8298,0.11735076691062063,0.8815049635178629,0.8815049635178629
8299,-0.35910780537385256,0.6080733058189217,0.6080733058189217
8300,0.00911206379977636,1.048457197632423,1.048457197632423
8301,0.9072587550372011,0.3888504717487873,0.3888504717487873
8302,0.1359082704668415,0.9290869262335657,0.9290869262335657
8303,0.4357273856447863,0.36251214417971495,0.36251214417971495
8304,-0.009762162153385878,1.0116397840434395,1.0116397840434395
8305,-0.27391900712830686,0.6637158437426615,0.6637158437426615
8306,0.056444416999352764,0.9585059188052519,0.9585059188052519
8307,-0.28773718988524455,0.7137789940249453,0.7137789940249453
8308,-0.43961513577192535,0.419320058618532,0.419320058618532
8309,0.6124154613802457,0.01506572972933487,0.01506572972933487
8310,-0.09085178612651812,0.9394985645616037,0.9394985645616037
8311,0.08145542726679755,0.8506881636738552,0.8506881636738552
8312,0.004783113767908631,1.0440079248652763,1.0440079248652763
8313,0.0007036724747249146,1.019856496091624,1.019856496091624
8314,-0.3179321075560533,0.6257851517831516,0.6257851517831516
8315,0.6563130099257022,0.013460035361752715,0.013460035361752715
8316,-0.9399303989129324,0.5344449719331821,0.5344449719331821
8317,-0.4515108864714199,0.3642757735916566,0.3642757735916566
8318,-0.4191888606151415,0.5103424568194734,0.5103424568194734
8319,0.3098328087722344,0.7103319134913927,0.7103319134913927
8320,0.9728005210083823,0.8410841056404011,0.8410841056404011
8321,-0.19918298646112653,0.7801843111080431,0.7801843111080431
8322,-0.10984885968087421,0.8756863336550994,0.8756863336550994
8323,0.5746824114015794,0.12287742705427547,0.12287742705427547
8324,0.9999202864140895,1.057144344852497,1.057144344852497
8325,-0.5028150536587674,0.16774970928354901,0.16774970928354901
8326,0.958867554084966,0.6916229876787768,0.6916229876787768
8327,-0.7335253096874192,0.013376314164722024,0.013376314164722024
8328,-0.9151254026856877,0.4681241668361792,0.4681241668361792
8329,-0.37272421800747324,0.5798457578929477,0.5798457578929477
8330,-0.5285270132619979,0.1345462456466359,0.1345462456466359
8331,0.8330974400915583,0.15601831307739458,0.15601831307739458
8332,0.5545307608247718,0.22556936902602676,0.22556936902602676
8333,0.24464545391883008,0.7848316638891046,0.7848316638891046
8334,0.8473579105571829,0.23595463070942035,0.23595463070942035
8335,-0.22256122659136035,0.7993224701468047,0.7993224701468047
8336,0.3674214868850938,0.5897065604666245,0.5897065604666245
8337,0.9316372128614698,0.5435649601082603,0.5435649601082603
8338,-0.04963780016932562,0.9593588741092796,0.9593588741092796
8339,0.04566847415364017,0.9673797537609536,0.9673797537609536
8340,-0.06178363195534864,1.022201576259105,1.022201576259105
8341,-0.8069409950866098,0.03947789671132112,0.03947789671132112
8342,-0.9010210366017373,0.4082637864682125,0.4082637864682125
8343,-0.8772762724384868,0.35436644654823835,0.35436644654823835
8344,0.4978321461816637,0.22559985975122918,0.22559985975122918
8345,-0.2528145420517123,0.6959248023907024,0.6959248023907024
8346,0.9851192303595151,0.8928555837159102,0.8928555837159102
8347,-0.8283928519653496,0.13667641487035415,0.13667641487035415
8348,-0.8915220908171149,0.3249008038235002,0.3249008038235002
8349,-0.3746515117457825,0.5877421711662463,0.5877421711662463
8350,-0.7928852689506951,0.13389876807041518,0.13389876807041518
8351,-0.07899910576084324,0.977098207705588,0.977098207705588
8352,0.37286033037724375,0.4687448921619444,0.4687448921619444
8353,-0.5153853994924966,0.25693691967521504,0.25693691967521504
8354,0.7531445619590533,0.004528074352982553,0.004528074352982553
8355,-0.8263647933323743,0.18109530358740095,0.18109530358740095
8356,0.24701901366484313,0.7912763588797636,0.7912763588797636
8357,-0.7631007963004441,-0.010539549885271081,-0.010539549885271081
8358,-0.24351467633664092,0.8052218477195214,0.8052218477195214
8359,-0.3602733033867469,0.49068600840777904,0.49068600840777904
8360,0.3860397042203243,0.5452729825043883,0.5452729825043883
8361,-0.829822970957544,0.13517874135151378,0.13517874135151378
8362,-0.8614451119578068,0.2599932209433184,0.2599932209433184
8363,-0.17570831182983393,0.8942752474414829,0.8942752474414829
8364,-0.46581612660732175,0.32464531399165475,0.32464531399165475
8365,0.641616441859107,0.07809471515701069,0.07809471515701069
8366,0.8750560036302726,0.24357325741502486,0.24357325741502486
8367,-0.8845359230668064,0.2572523118616682,0.2572523118616682
8368,-0.7210397253836243,0.04004774439285288,0.04004774439285288
8369,-0.11448315503241524,0.8471061258030824,0.8471061258030824
8370,-0.8499367720057469,0.12926202813200355,0.12926202813200355
8371,0.861200294906715,0.26669633056839553,0.26669633056839553
8372,-0.27610461312021717,0.6641417906650043,0.6641417906650043
8373,-0.9896709078014687,0.9205483530981529,0.9205483530981529
8374,0.6089245994932129,0.0834740427900386,0.0834740427900386
8375,0.2702352828646166,0.7714823409377802,0.7714823409377802
8376,0.07338556051062306,0.9127798990150663,0.9127798990150663
8377,0.4103118173687057,0.4161069349486704,0.4161069349486704
8378,-0.09545674968132922,0.9023751491753915,0.9023751491753915
8379,0.05289801710330533,1.000305970458992,1.000305970458992
8380,-0.32155997513151124,0.6985362493216496,0.6985362493216496
8381,-0.6423125200093887,0.06977322626285659,0.06977322626285659
8382,0.04015756820464422,1.0705635104290803,1.0705635104290803
8383,0.7376105903367389,-0.06244631463384485,-0.06244631463384485
8384,-0.7241941504097098,0.06699609811159672,0.06699609811159672
8385,-0.3012627626459061,0.7307887440640893,0.7307887440640893
8386,0.3427721655433005,0.5446831489578919,0.5446831489578919
8387,-0.7957089776793118,0.0010594213213756115,0.0010594213213756115
8388,-0.5233673018182543,0.26459033803464554,0.26459033803464554
8389,-0.015553397611401731,1.0018927617955764,1.0018927617955764
8390,-0.7521354035603722,0.007619129645343357,0.007619129645343357
8391,-0.1667457366001175,0.9246698412838066,0.9246698412838066
8392,0.5822921789160962,0.134450918131447,0.134450918131447
8393,0.5178560119453111,0.23446253089336072,0.23446253089336072
8394,0.6977328588838612,-0.00220252561807761,-0.00220252561807761
8395,0.9529126054239063,0.6192928034109637,0.6192928034109637
8396,0.9241431139078513,0.5262195025226813,0.5262195025226813
8397,-0.43953469629397457,0.3699847162345046,0.3699847162345046
8398,-0.2739305945529489,0.7015582829846831,0.7015582829846831
8399,0.9521712669965796,0.6697581092352738,0.6697581092352738
8400,-0.8857977077698429,0.30154004500867315,0.30154004500867315
8401,0.5489686399272682,0.16352778047130717,0.16352778047130717
8402,-0.89549771143802,0.4192845904685706,0.4192845904685706
8403,-0.6621318531805402,0.02821722020539734,0.02821722020539734
8404,-0.6340433093560756,-0.017432494964971165,-0.017432494964971165
8405,-0.5034525014516857,0.28164193754246525,0.28164193754246525
8406,0.43145062519530253,0.4140177367340399,0.4140177367340399
8407,-0.144247925029249,0.895014411019361,0.895014411019361
8408,0.6127831259651373,0.15410411526580922,0.15410411526580922
8409,0.352972293677158,0.5331326144115107,0.5331326144115107
8410,-0.48180225545472344,0.39180919379127066,0.39180919379127066
8411,-0.19321600960237917,0.8423001647005193,0.8423001647005193
8412,-0.05161823757287043,0.9756126510346507,0.9756126510346507
8413,0.4169668499213619,0.4195073990558171,0.4195073990558171
8414,-0.15896951321263608,0.9611126858212864,0.9611126858212864
8415,-0.3345452662609074,0.6126155537580706,0.6126155537580706
8416,-0.40642068795090425,0.4469466541791177,0.4469466541791177
8417,0.9777939915360339,0.9398858977055753,0.9398858977055753
8418,0.01870469077564807,0.9777047926360772,0.9777047926360772
8419,0.6031876578658244,0.04509096277673137,0.04509096277673137
8420,-0.8372965531125316,0.1782663955653192,0.1782663955653192
8421,-0.35573982604406873,0.5953044813815748,0.5953044813815748
8422,0.9033499350639209,0.36599300687904707,0.36599300687904707
8423,-0.395451352676748,0.5239856870370965,0.5239856870370965
8424,-0.25710544287033454,0.7902675798342627,0.7902675798342627
8425,0.8227243680222458,0.11622801278723136,0.11622801278723136
8426,0.365457199482059,0.48089403400253566,0.48089403400253566
8427,0.8676664508284204,0.31967501937846204,0.31967501937846204
8428,0.9590146001460529,0.732581357905807,0.732581357905807
8429,0.7054864688821243,0.015338029500389993,0.015338029500389993
8430,-0.6503253464465175,0.03149695109878664,0.03149695109878664
8431,0.18516993746429566,0.899768267688133,0.899768267688133
8432,0.276076882832925,0.7834349891204887,0.7834349891204887
8433,0.294416958138751,0.7097391686912131,0.7097391686912131
8434,-0.06015770711132573,1.0325669072679222,1.0325669072679222
8435,-0.9447614315241546,0.5994745607198992,0.5994745607198992
8436,0.19831245425384947,0.9618535472410654,0.9618535472410654
8437,-0.22346410766298996,0.7552967538152553,0.7552967538152553
8438,-0.474456181768933,0.2967090044373886,0.2967090044373886
8439,0.4200846954019113,0.3284413911055862,0.3284413911055862
8440,0.21265363116249492,0.8391563056563079,0.8391563056563079
8441,0.08223893089817347,0.9927042069233462,0.9927042069233462
8442,-0.6403377057874196,0.008581141455300811,0.008581141455300811
8443,0.08487149201800293,0.9181355856096887,0.9181355856096887
8444,0.34931830440645983,0.6200866804453475,0.6200866804453475
8445,0.9144258848022411,0.47470361422577184,0.47470361422577184
8446,-0.06408640789131681,1.0143240983587054,1.0143240983587054
8447,0.9998699390911361,1.0232415375414865,1.0232415375414865
8448,-0.8826337970250155,0.2989795527174448,0.2989795527174448
8449,-0.9380168282287513,0.536018435912164,0.536018435912164
8450,0.25249523870807766,0.7932188310885152,0.7932188310885152
8451,-0.08880945833384435,0.9402342034480439,0.9402342034480439
8452,-0.304639742883583,0.702046809811544,0.702046809811544
8453,-0.3125984040316572,0.6102399758124313,0.6102399758124313
8454,0.10490624237171531,0.9195575513750276,0.9195575513750276
8455,-0.4918576196361266,0.2722064956405739,0.2722064956405739
8456,0.11913131170351687,0.9615403728925764,0.9615403728925764
8457,0.4633581843085415,0.4173020128894646,0.4173020128894646
8458,-0.7174310042963887,-0.08121211258227155,-0.08121211258227155
8459,-0.6422409780056422,0.0358605576833863,0.0358605576833863
8460,-0.5686024852474183,0.16482486596055712,0.16482486596055712
8461,0.9064967600242473,0.4313500677864592,0.4313500677864592
8462,0.5750889007994286,0.04149803913118079,0.04149803913118079
8463,0.9516409476062582,0.6660865193690888,0.6660865193690888
8464,-0.2415778252976426,0.7563257581655881,0.7563257581655881
8465,0.3233460000742623,0.6086601475227719,0.6086601475227719
8466,-0.5444275601488375,0.21634236362985115,0.21634236362985115
8467,0.2889523825917699,0.6878879670307015,0.6878879670307015
8468,-0.42884891818350246,0.4155827218662436,0.4155827218662436
8469,-0.8646256087659028,0.291375152087678,0.291375152087678
8470,-0.7314245645994442,0.035975485102052666,0.035975485102052666
8471,-0.5000286995123131,0.2688691697957183,0.2688691697957183
8472,0.03376802997213524,0.8864045611029412,0.8864045611029412
8473,-0.055905525608079376,0.999126547735288,0.999126547735288
8474,0.922604125051903,0.5351355768548789,0.5351355768548789
8475,0.5222747756201407,0.21971070577286214,0.21971070577286214
8476,0.04575055261424166,1.0039535295497832,1.0039535295497832
8477,-0.6049205682818037,0.07853097711716721,0.07853097711716721
8478,0.9579302930740718,0.7639892644207138,0.7639892644207138
8479,0.35963477744422123,0.4100526918556563,0.4100526918556563
8480,-0.9720441415798515,0.7412063560115684,0.7412063560115684
8481,0.520625706670734,0.20740345287862078,0.20740345287862078
8482,-0.7468004036401397,0.02684690348973046,0.02684690348973046
8483,-0.053423982157172034,1.009595877893332,1.009595877893332
8484,0.5870561802065535,0.0986880818482119,0.0986880818482119
8485,-0.6909884977198106,0.022744137473992784,0.022744137473992784
8486,-0.23151133951300262,0.8441110550904246,0.8441110550904246
8487,0.8468858264799897,0.20711659590145978,0.20711659590145978
8488,0.5187224261988324,0.34358276092818685,0.34358276092818685
8489,-0.62539773279636,0.08314739033616082,0.08314739033616082
8490,0.23086078470391902,0.8431422484493344,0.8431422484493344
8491,-0.2560014978651566,0.6854149996775241,0.6854149996775241
8492,-0.27822946856002817,0.7186790729373498,0.7186790729373498
8493,0.9517382664201643,0.6928970377834746,0.6928970377834746
8494,0.370407848716531,0.5106800158311573,0.5106800158311573
8495,-0.5501881863043259,0.21787771253524968,0.21787771253524968
8496,0.3837726829303141,0.5389633066346727,0.5389633066346727
8497,-0.5140361038489085,0.17972496846716912,0.17972496846716912
8498,-0.836807758317005,0.1726010481965902,0.1726010481965902
8499,0.8641547356073582,0.20125550935913747,0.20125550935913747
8500,0.29142752177163556,0.6714822761820782,0.6714822761820782
8501,0.1274245882864724,0.8811190671073666,0.8811190671073666
8502,0.0736200561495639,0.9243000718882528,0.9243000718882528
8503,-0.11993974210161551,0.9999163176577628,0.9999163176577628
8504,0.9176724423613345,0.48816011017756317,0.48816011017756317
8505,-0.5629616665133228,0.16641718759629878,0.16641718759629878
8506,-0.9962906300928727,0.9499991679136904,0.9499991679136904
8507,0.6634753500086565,0.010680810463798804,0.010680810463798804
8508,0.7376646709998382,0.10688988332863072,0.10688988332863072
8509,-0.7561785162753829,0.017176174275954824,0.017176174275954824
8510,-0.7514732302321072,-0.004900497025479809,-0.004900497025479809
8511,0.3942012488500952,0.47941058277895454,0.47941058277895454
8512,-0.4495824828580821,0.28586199631634807,0.28586199631634807
8513,0.5872728612170317,0.05137200270948596,0.05137200270948596
8514,0.9763391936271304,0.7718286325867847,0.7718286325867847
8515,0.47079391439401697,0.33464957788582517,0.33464957788582517
8516,0.6560642825095784,0.029900504276104675,0.029900504276104675
8517,-0.8290769254945605,0.16298016015128894,0.16298016015128894
8518,-0.5179445671343679,0.20730286399831266,0.20730286399831266
8519,-0.3526028765665652,0.5072834853751514,0.5072834853751514
8520,-0.34571456947278456,0.6338654626695662,0.6338654626695662
8521,-0.7315080898669519,0.026051499718705354,0.026051499718705354
8522,0.8578431475370452,0.2916297322480039,0.2916297322480039
8523,-0.617016919247674,0.05344350183434064,0.05344350183434064
8524,0.9182672560390581,0.5431056788680939,0.5431056788680939
8525,-0.22736728119038374,0.7449457463572594,0.7449457463572594
8526,0.906327991646537,0.41310159214967707,0.41310159214967707
8527,-0.6934500530810228,0.055760388408915486,0.055760388408915486
8528,0.6603959498586163,-0.0014632567805713363,-0.0014632567805713363
8529,-0.13572971352587415,1.0008428178671414,1.0008428178671414
8530,0.07838451126014467,1.0041591276762676,1.0041591276762676
8531,-0.8152841301811682,0.033661341894396235,0.033661341894396235
8532,-0.721794739135611,-0.10831740135043368,-0.10831740135043368
8533,0.2683961309869938,0.720825042411614,0.720825042411614
8534,-0.6678209838815525,0.03824765849354208,0.03824765849354208
8535,0.3987125296096574,0.45020414395736796,0.45020414395736796
8536,0.5952911617610261,0.04119246986036957,0.04119246986036957
8537,0.9415973327538361,0.5137179825009222,0.5137179825009222
8538,0.32253863597063304,0.6840793440336282,0.6840793440336282
8539,0.6804275007351421,0.05985556265386718,0.05985556265386718
8540,0.5429050474098456,0.12252652823523955,0.12252652823523955
8541,-0.8096371959089415,0.14410880088391886,0.14410880088391886
8542,0.5741363484718764,0.2140708857920807,0.2140708857920807
8543,0.2404148052265398,0.8267099676112387,0.8267099676112387
8544,0.10452415842992835,0.981628662683668,0.981628662683668
8545,-0.7081202873393728,0.0012485744273125685,0.0012485744273125685
8546,0.6132876292792075,0.04252916289750598,0.04252916289750598
8547,0.04321649323006249,0.9016060044945625,0.9016060044945625
8548,0.36970553970489717,0.4359559214561476,0.4359559214561476
8549,0.7455374060776057,0.004643534814971255,0.004643534814971255
8550,-0.7852603536260496,0.11336827805576727,0.11336827805576727
8551,0.5646411968877585,0.17094187160427882,0.17094187160427882
8552,0.741107010362511,0.08568617129404253,0.08568617129404253
8553,-0.8999127149316264,0.4772725662582054,0.4772725662582054
8554,0.14793458037912832,0.8889837770785791,0.8889837770785791
8555,-0.6967191730884827,0.0693790383729458,0.0693790383729458
8556,0.35753530251074417,0.5088248833520946,0.5088248833520946
8557,-0.042119854443325444,0.9625731018444278,0.9625731018444278
8558,0.9074292231407759,0.43948085203779114,0.43948085203779114
8559,0.7461549643517236,0.0646056412426646,0.0646056412426646
8560,0.9762303140751549,0.799426119579668,0.799426119579668
8561,0.7172230022570287,-0.05623254228249142,-0.05623254228249142
8562,0.3860878591911603,0.5356008451032441,0.5356008451032441
8563,0.3655931311726588,0.49926760333140285,0.49926760333140285
8564,-0.093686799139999,0.8892561412249422,0.8892561412249422
8565,-0.372585770103107,0.6445551016069682,0.6445551016069682
8566,-0.7002839084935235,0.01957005784282835,0.01957005784282835
8567,-0.9704856831654676,0.8852171362001173,0.8852171362001173
8568,-0.8831205961455593,0.3432639623420103,0.3432639623420103
8569,-0.8783107425277843,0.2834036070101469,0.2834036070101469
8570,-0.4456393991283405,0.32545306850774036,0.32545306850774036
8571,0.7234219315425201,-0.052466817052380786,-0.052466817052380786
8572,0.9294411937703704,0.5766197536333642,0.5766197536333642
8573,-0.4258354892750238,0.37850969436801735,0.37850969436801735
8574,-0.8265390898916751,0.12243509151959997,0.12243509151959997
8575,0.5425941040828623,0.16647880839115203,0.16647880839115203
8576,-0.6920741046607359,-0.04337325324745431,-0.04337325324745431
8577,0.01992544539909291,0.9221512452660733,0.9221512452660733
8578,-0.6899076542875067,0.09297479571747465,0.09297479571747465
8579,-0.960830406515065,0.7241645583766615,0.7241645583766615
8580,0.6759489315671334,-0.018292945633097094,-0.018292945633097094
8581,0.3534081043047832,0.5473764351082848,0.5473764351082848
8582,0.9810632876614698,0.8449176495377887,0.8449176495377887
8583,0.7450234117230263,-0.11690609599103208,-0.11690609599103208
8584,-0.2078824419263232,0.7673390046476403,0.7673390046476403
8585,-0.9484548354389062,0.5415321707352,0.5415321707352
8586,-0.945593671044983,0.5978470393487889,0.5978470393487889
8587,-0.3408304501141559,0.7333262840332222,0.7333262840332222
8588,-0.2980986491938138,0.7353517461264355,0.7353517461264355
8589,0.6173872542920213,0.07736091721769488,0.07736091721769488
8590,0.5347068564353554,0.2109602198495938,0.2109602198495938
8591,0.9135869634955278,0.4561371928177916,0.4561371928177916
8592,0.5091104885366846,0.2520291837410947,0.2520291837410947
8593,-0.8244673229099813,0.2209337274315863,0.2209337274315863
8594,-0.3968532820329689,0.43403447378478244,0.43403447378478244
8595,0.08758496108368274,0.8834940321107052,0.8834940321107052
8596,0.24363173318091524,0.8184242069310971,0.8184242069310971
8597,0.45068992209938785,0.3957083876647296,0.3957083876647296
8598,-0.9155967008225816,0.44035890678483597,0.44035890678483597
8599,0.3274576171499415,0.6312072079344362,0.6312072079344362
8600,0.8353349174582909,0.11686512849264921,0.11686512849264921
8601,0.3733511054129788,0.49994322710024724,0.49994322710024724
8602,-0.08074000951814098,0.8858217469868257,0.8858217469868257
8603,0.4965198295231146,0.24682871146767393,0.24682871146767393
8604,0.8544499175211122,0.18863537033870176,0.18863537033870176
8605,-0.009547657008625698,1.0346858748895431,1.0346858748895431
8606,-0.6932885305176033,-0.033397790032376175,-0.033397790032376175
8607,0.5792438196249003,0.0952212960287157,0.0952212960287157
8608,-0.19519956567513974,0.7613570618601755,0.7613570618601755
8609,-0.48224774896066513,0.316714237735234,0.316714237735234
8610,0.3613930604872231,0.5714414985842312,0.5714414985842312
8611,0.1041988750199574,0.9421037390391859,0.9421037390391859
8612,-0.2963612188878868,0.6774507200108011,0.6774507200108011
8613,0.9200723020031294,0.46416225387216514,0.46416225387216514
8614,-0.7781844357734653,-0.009163266400524235,-0.009163266400524235
8615,-0.778925933673134,-0.05250614652258969,-0.05250614652258969
8616,0.4959697760629156,0.1988591857515447,0.1988591857515447
8617,-0.990108475372564,0.8979128646664412,0.8979128646664412
8618,-0.08285124712662495,0.9917683277307531,0.9917683277307531
8619,-0.05457970188254402,0.8979611156047896,0.8979611156047896
8620,-0.9153898910847242,0.4890167956107937,0.4890167956107937
8621,0.5442666478835547,0.1988323023170625,0.1988323023170625
8622,-0.3148447359957356,0.5992945587299595,0.5992945587299595
8623,0.5562211065026255,0.11269405086716361,0.11269405086716361
8624,0.22832219828325484,0.8304336605318741,0.8304336605318741
8625,-0.24529694724075424,0.755539504853817,0.755539504853817
8626,0.9484453215708637,0.6864247785467006,0.6864247785467006
8627,-0.33285670165512204,0.5889606473211756,0.5889606473211756
8628,0.03093071590727159,1.0351545708238792,1.0351545708238792
8629,-0.02400677780566096,1.0336398492929662,1.0336398492929662
8630,-0.5625845596019823,0.1283784099789334,0.1283784099789334
8631,0.24772997365426064,0.7813461951481113,0.7813461951481113
8632,0.4333869570812623,0.4530641090321386,0.4530641090321386
8633,-0.7495760142258929,-0.005240052086828649,-0.005240052086828649
8634,0.7039258944464124,0.061103848389513646,0.061103848389513646
8635,-0.4168622938304196,0.39861013902148135,0.39861013902148135
8636,0.8008818746858444,0.07828919682868014,0.07828919682868014
8637,0.42733598327074795,0.3170295110941461,0.3170295110941461
8638,-0.3011776541656992,0.7295309149552169,0.7295309149552169
8639,-0.2511755892102727,0.7318016220465641,0.7318016220465641
8640,-0.847344686217244,0.142989842092811,0.142989842092811
8641,-0.982106459050758,0.9133705755974644,0.9133705755974644
8642,-0.7160442604502546,0.028335791179934997,0.028335791179934997
8643,0.9913590806479466,1.0101092496199744,1.0101092496199744
8644,0.7258005381247636,0.024845432637352716,0.024845432637352716
8645,0.08695880006372692,0.9948341511414748,0.9948341511414748
8646,-0.052252915717147186,0.9719392712381566,0.9719392712381566
8647,0.5344829097249582,0.15473087042526507,0.15473087042526507
8648,0.8719460247998689,0.2319190458375426,0.2319190458375426
8649,-0.05465357906142332,1.0492322626317405,1.0492322626317405
8650,-0.9397873624980286,0.5487899959026091,0.5487899959026091
8651,-0.4838748893048461,0.26988662585264234,0.26988662585264234
8652,-0.9222401328988332,0.4378579371654867,0.4378579371654867
8653,0.1942645463617425,0.7876278961378838,0.7876278961378838
8654,-0.7378542477127701,-0.0633039486490592,-0.0633039486490592
8655,0.5294244523540137,0.15773584534257043,0.15773584534257043
8656,0.2743436527453256,0.7665209394098043,0.7665209394098043
8657,0.478198199725538,0.3677194615400577,0.3677194615400577
8658,-0.2103900982979121,0.7912686336124658,0.7912686336124658
8659,0.708359902939949,0.0072691961154468495,0.0072691961154468495
8660,-0.7338923834577653,0.021806273928376373,0.021806273928376373
8661,-0.9722949645045382,0.7697069252780038,0.7697069252780038
8662,0.37455970950273665,0.5184561566154727,0.5184561566154727
8663,-0.7590020258268588,0.07096039414379983,0.07096039414379983
8664,-0.4978907823390093,0.20586649959186587,0.20586649959186587
8665,-0.5688681564074805,0.11033075924469722,0.11033075924469722
8666,0.45600674748979597,0.325936218585827,0.325936218585827
8667,0.935297687229788,0.5554107422859174,0.5554107422859174
8668,0.385262342740625,0.46075361836903345,0.46075361836903345
8669,0.319285617263358,0.6713775103708799,0.6713775103708799
8670,0.04123254454051262,0.9818948986885301,0.9818948986885301
8671,0.7320212716760977,-0.048643740184631516,-0.048643740184631516
8672,-0.1842191823397148,0.9367189856347168,0.9367189856347168
8673,0.10295263893662221,1.0298542581473156,1.0298542581473156
8674,0.21238175758492073,0.8443805023117663,0.8443805023117663
8675,-0.7978107116767468,0.06026122125868998,0.06026122125868998
8676,-0.4121699126928693,0.44415034553346566,0.44415034553346566
8677,-0.2042560418025241,0.8678058171591794,0.8678058171591794
8678,0.8315496195208136,0.12849698979683127,0.12849698979683127
8679,0.8077029251211707,0.08232324176530476,0.08232324176530476
8680,-0.25556790933732443,0.7017459340573332,0.7017459340573332
8681,-0.03616167241168533,0.9770673173345786,0.9770673173345786
8682,-0.9799170247592068,0.8749290681619232,0.8749290681619232
8683,-0.03734852218202089,0.9578498687660677,0.9578498687660677
8684,-0.9581733057086839,0.6427016551161163,0.6427016551161163
8685,0.0029589993303873463,0.9569563026727387,0.9569563026727387
8686,-0.5009971073929627,0.18190865641453052,0.18190865641453052
8687,-0.17982715536657112,0.8578849518164636,0.8578849518164636
8688,-0.14134934050806502,0.9598246118394345,0.9598246118394345
8689,-0.2155823740883498,0.9088281048449384,0.9088281048449384
8690,0.9309751475363763,0.5785566652881082,0.5785566652881082
8691,-0.47342981062082057,0.4172008303914481,0.4172008303914481
8692,-0.4730503015567413,0.31311400384612376,0.31311400384612376
8693,-0.608579209881289,0.008274543884609471,0.008274543884609471
8694,0.5587064298160636,0.15672192730604753,0.15672192730604753
8695,0.8153422024138863,0.18764619378929515,0.18764619378929515
8696,0.4756499642546823,0.3127091980233648,0.3127091980233648
8697,0.12007405194853393,0.858565881356087,0.858565881356087
8698,-0.8130365614553061,0.08270516072735948,0.08270516072735948
8699,-0.7156289633843131,-0.01626707947746826,-0.01626707947746826
8700,-0.7394914309813481,0.07671927250885391,0.07671927250885391
8701,0.5419173082781406,0.09719140064054778,0.09719140064054778
8702,-0.08188710727680237,0.8901402067177178,0.8901402067177178
8703,0.18913733013345002,0.8689760314087253,0.8689760314087253
8704,0.20775504752021967,0.7770203558653704,0.7770203558653704
8705,0.6606142629081184,0.04427826164367344,0.04427826164367344
8706,0.5170854933150215,0.14327864951152033,0.14327864951152033
8707,-0.6938352471405183,0.048812526125435664,0.048812526125435664
8708,-0.5570255935319,0.17606481211806368,0.17606481211806368
8709,-0.7813111375688315,-0.03505732247352783,-0.03505732247352783
8710,-0.8574753228392236,0.2793234640367862,0.2793234640367862
8711,-0.9998642876193966,1.039787783530881,1.039787783530881
8712,0.759468107929747,0.07998534602237639,0.07998534602237639
8713,0.7740039801685938,0.026467537046119295,0.026467537046119295
8714,-0.07557872502633911,1.036994725901962,1.036994725901962
8715,-0.8533356176996387,0.1879773865603201,0.1879773865603201
8716,-0.34770286795563576,0.43841664341653863,0.43841664341653863
8717,0.8739614126109345,0.3256289821748023,0.3256289821748023
8718,0.9230078443349563,0.49291422259453027,0.49291422259453027
8719,0.1038151651709387,0.9320098108958284,0.9320098108958284
8720,0.7269851296518683,-0.027151044259041232,-0.027151044259041232
8721,-0.37513400762987814,0.6299758460998407,0.6299758460998407
8722,0.18729544413560295,0.9001812914171259,0.9001812914171259
8723,0.1940417205588918,0.9111855826847195,0.9111855826847195
8724,-0.5423247441699413,0.1272686326837185,0.1272686326837185
8725,0.1411679862520141,0.9225102891107427,0.9225102891107427
8726,0.43853373687403807,0.2989428120384788,0.2989428120384788
8727,0.8881696770935554,0.387979090677373,0.387979090677373
8728,0.6683276875588922,0.052411090820069436,0.052411090820069436
8729,0.8185381686386135,0.12587640551765086,0.12587640551765086
8730,-0.22676076315476235,0.7914864349165349,0.7914864349165349
8731,-0.7561537177242468,-0.035003399048753395,-0.035003399048753395
8732,0.49341984339592404,0.3220581223953925,0.3220581223953925
8733,-0.7893563985955656,0.0632435552482391,0.0632435552482391
8734,0.2674327458258914,0.7336335320056466,0.7336335320056466
8735,-0.44763205850871945,0.3383757870926246,0.3383757870926246
8736,0.5551423411530032,0.057912192159390696,0.057912192159390696
8737,-0.0015230876328922172,0.9879249067445902,0.9879249067445902
8738,-0.9447075257692161,0.6204426109413299,0.6204426109413299
8739,-0.7720239702674754,0.03104784333532895,0.03104784333532895
8740,0.5631086083254127,0.1253449359640223,0.1253449359640223
8741,0.8799682014647803,0.2633918639306942,0.2633918639306942
8742,-0.09190106099546247,1.0611164382117848,1.0611164382117848
8743,-0.8938899736900223,0.24773183697898954,0.24773183697898954
8744,0.8527319540108618,0.3042332851723395,0.3042332851723395
8745,0.6602439083395977,0.05965209282578808,0.05965209282578808
8746,-0.9044421345264191,0.41019368206524537,0.41019368206524537
8747,0.08356053038450706,0.9637187152499781,0.9637187152499781
8748,-0.8695617307028554,0.29321328993489265,0.29321328993489265
8749,0.20677490778973628,0.9109187093901611,0.9109187093901611
8750,0.5431537582431429,0.1467239676724478,0.1467239676724478
8751,0.45792534120696815,0.31352978574867996,0.31352978574867996
8752,0.5190543917906598,0.25066093012121804,0.25066093012121804
8753,-0.728442936054398,0.13938667377922948,0.13938667377922948
8754,-0.5207405690342537,0.14712874096218434,0.14712874096218434
8755,0.7762756751786051,0.04758648132251112,0.04758648132251112
8756,0.07156060347177373,0.92847091981636,0.92847091981636
8757,0.15671169456034795,0.9066148793294018,0.9066148793294018
8758,0.1989550404470608,0.8482265691371753,0.8482265691371753
8759,0.9642588875162397,0.819609486519854,0.819609486519854
8760,-0.4012434109160967,0.5090799281919153,0.5090799281919153
8761,-0.33271270645977613,0.5835577001469637,0.5835577001469637
8762,-0.9956414558431033,0.9368781179179453,0.9368781179179453
8763,0.3101296455262943,0.6631438556009915,0.6631438556009915
8764,0.3908249327076794,0.49670709592238843,0.49670709592238843
8765,0.8522458384083951,0.18093114408041477,0.18093114408041477
8766,0.677003215907525,-0.0019361450014535493,-0.0019361450014535493
8767,-0.32093307517356684,0.530193400773546,0.530193400773546
8768,-0.9835881375421842,0.8128390528854053,0.8128390528854053
8769,0.8626950315022892,0.22176154736623963,0.22176154736623963
8770,-0.9056334595494904,0.35218561793516845,0.35218561793516845
8771,-0.3531229743662778,0.614119695139342,0.614119695139342
8772,-0.5106637209902793,0.24091844681716548,0.24091844681716548
8773,0.9885277982189333,0.916932165380413,0.916932165380413
8774,0.620665946643975,0.033489714442899526,0.033489714442899526
8775,-0.891606919030572,0.39212974140046797,0.39212974140046797
8776,-0.16606047214857012,0.932253766946491,0.932253766946491
8777,-0.36574005360899076,0.6080614302684445,0.6080614302684445
8778,-0.45412008777041835,0.3640633530802555,0.3640633530802555
8779,-0.4005090427677338,0.49223062408870716,0.49223062408870716
8780,-0.8245845426359057,0.10158781988285935,0.10158781988285935
8781,-0.04126997762336648,0.9798294946128524,0.9798294946128524
8782,0.2040049465633369,0.8838907355024159,0.8838907355024159
8783,0.9282260107267819,0.5120214388213826,0.5120214388213826
8784,-0.08680027760584008,0.9010586310370134,0.9010586310370134
8785,-0.6794972796410321,-0.06614741895344785,-0.06614741895344785
8786,0.1563439523921577,0.9450401853145161,0.9450401853145161
8787,0.76657318276221,0.10528998935935681,0.10528998935935681
8788,-0.5908082425955119,-0.0064986389683485,-0.0064986389683485
8789,0.5752298870647281,0.04599608403979216,0.04599608403979216
8790,0.5238975536487327,0.18663805074009157,0.18663805074009157
8791,-0.33532371603909095,0.610738676068904,0.610738676068904
8792,0.06551588199268998,0.9442628807668175,0.9442628807668175
8793,0.9977042705038768,0.9988194011107469,0.9988194011107469
8794,-0.8311773829475115,0.22634778091172358,0.22634778091172358
8795,-0.6992886070314954,-0.023997703316068816,-0.023997703316068816
8796,0.28187582876907213,0.6451754954600625,0.6451754954600625
8797,-0.7940193100420041,0.08304702179562799,0.08304702179562799
8798,-0.5865599174759906,0.11966762716308613,0.11966762716308613
8799,0.3420145897590454,0.6720269572959402,0.6720269572959402
8800,-0.3000197521059944,0.6813617627215875,0.6813617627215875
8801,0.10186350321932824,1.0542890199386075,1.0542890199386075
8802,0.689020963350786,-0.03162878278093469,-0.03162878278093469
8803,-0.45575728562042883,0.3557712625489882,0.3557712625489882
8804,-0.7268286428915265,0.0027984603105528074,0.0027984603105528074
8805,0.5869540786838066,0.07994551405032758,0.07994551405032758
8806,0.34660133887618105,0.6151304758384081,0.6151304758384081
8807,-0.45507686109995693,0.2984586567054207,0.2984586567054207
8808,-0.8212740932164351,0.0852444415702236,0.0852444415702236
8809,0.7478208219188895,-0.028841674051547965,-0.028841674051547965
8810,0.8132068155587564,0.09027571917917604,0.09027571917917604
8811,-0.38223621563320065,0.5137695335865984,0.5137695335865984
8812,-0.8131724641487015,0.13571284424822788,0.13571284424822788
8813,-0.3138861182958568,0.6145110739106989,0.6145110739106989
8814,0.022897817531571718,1.0510983963681824,1.0510983963681824
8815,-0.1623170876576141,0.8402865726278,0.8402865726278
8816,0.7923115205798581,0.07845038919701526,0.07845038919701526
8817,0.7544235663082035,0.01853867394455472,0.01853867394455472
8818,0.8937753404007056,0.32881294684087176,0.32881294684087176
8819,-0.6840178009224207,-0.04856674142437996,-0.04856674142437996
8820,0.29294074384094837,0.7791272520975459,0.7791272520975459
8821,0.8917551878522441,0.3330807942045512,0.3330807942045512
8822,0.6999951558871598,-0.028675958565267917,-0.028675958565267917
8823,0.9025840096931994,0.3722655216872119,0.3722655216872119
8824,-0.26912352638169623,0.7248954593836476,0.7248954593836476
8825,0.021071947244157174,0.8932097105068937,0.8932097105068937
8826,0.640442107815969,0.026033560859195858,0.026033560859195858
8827,0.5616328346633614,0.10882651554802716,0.10882651554802716
8828,-0.1536113453973651,0.9317192792492239,0.9317192792492239
8829,-0.7487590614264348,-0.09340355576318912,-0.09340355576318912
8830,0.9865969836566866,0.8963778038208636,0.8963778038208636
8831,0.7084659002168061,0.011563270202770709,0.011563270202770709
8832,-0.32336665436801804,0.580949524390533,0.580949524390533
8833,0.7733569622440029,0.015766326650805344,0.015766326650805344
8834,-0.4448158405031166,0.3565966950605881,0.3565966950605881
8835,0.6633956821189966,-0.05064260964772498,-0.05064260964772498
8836,-0.08433629599104897,0.8934245984685695,0.8934245984685695
8837,-0.43685148924151784,0.34379603896846794,0.34379603896846794
8838,0.8354502605187759,0.15171680457151926,0.15171680457151926
8839,-0.7939351830621819,0.08067555038386412,0.08067555038386412
8840,0.6343589197312696,0.10739597554971403,0.10739597554971403
8841,0.7866176753092573,0.04513879127086559,0.04513879127086559
8842,0.029049563048732185,0.9380122962170547,0.9380122962170547
8843,0.02842407670473701,0.8983763856177782,0.8983763856177782
8844,-0.8254115292958382,0.11953497008970924,0.11953497008970924
8845,-0.7492267992023294,-0.020191483515502102,-0.020191483515502102
8846,-0.8639809943266499,0.31345317474550116,0.31345317474550116
8847,-0.6829494359249018,-0.023342019226564654,-0.023342019226564654
8848,-0.6579933797572401,-0.009875255911924917,-0.009875255911924917
8849,-0.9771936588025487,0.7973793837569305,0.7973793837569305
8850,-0.826414251535464,0.046741563395082994,0.046741563395082994
8851,0.4932696223399651,0.32636998419373686,0.32636998419373686
8852,0.7017462594882857,0.038321553917374955,0.038321553917374955
8853,0.9528760381279864,0.7282674291389258,0.7282674291389258
8854,0.7991844638452268,0.018198345246262876,0.018198345246262876
8855,0.6848374563279784,0.06784198408695037,0.06784198408695037
8856,0.05183898696456879,0.9261279308685769,0.9261279308685769
8857,0.07576645616207234,0.9833266812303652,0.9833266812303652
8858,0.8440739991702986,0.22985240357064055,0.22985240357064055
8859,-0.0013536788064500982,1.0485606346527905,1.0485606346527905
8860,0.9948859484145924,0.9910726190046855,0.9910726190046855
8861,0.695890352012281,0.0070643316657696235,0.0070643316657696235
8862,-0.92658458047934,0.4956023742813088,0.4956023742813088
8863,-0.9866981805451172,0.9146090332991337,0.9146090332991337
8864,-0.5854573942719188,0.09748146750118293,0.09748146750118293
8865,-0.3364738463672523,0.586501579343722,0.586501579343722
8866,-0.5691079898773725,0.17343075801184235,0.17343075801184235
8867,0.9786945212900466,0.8865557531431918,0.8865557531431918
8868,-0.7329390944433838,0.00351251815249042,0.00351251815249042
8869,0.21805008247656432,0.7175574111829084,0.7175574111829084
8870,-0.22977808891707907,0.9147748550224247,0.9147748550224247
8871,0.273642658393755,0.7282153010861248,0.7282153010861248
8872,0.39553276293301387,0.44114760959753,0.44114760959753
8873,-0.812356317580202,0.06286236548150687,0.06286236548150687
8874,0.9472415307878632,0.5348120191084691,0.5348120191084691
8875,-0.41941968919997064,0.4238480689967692,0.4238480689967692
8876,-0.0662368707065093,0.9733566617108523,0.9733566617108523
8877,0.7237746991143994,-0.04324813919848793,-0.04324813919848793
8878,-0.48738577331803046,0.3454188435985367,0.3454188435985367
8879,0.7850954663872836,0.07782818365838781,0.07782818365838781
8880,-0.5877312456188273,0.06855531510460239,0.06855531510460239
8881,0.6082277398203,0.04453350049820004,0.04453350049820004
8882,0.14862239413956013,0.9644848690495769,0.9644848690495769
8883,-0.08806596653879128,0.8788404455708511,0.8788404455708511
8884,-0.9376239811704816,0.5429495054904034,0.5429495054904034
8885,-0.9260288377821984,0.48757439677405373,0.48757439677405373
8886,-0.04841670371661899,1.0223767730969262,1.0223767730969262
8887,0.315282925650356,0.7019860662014391,0.7019860662014391
8888,-0.07262209910722839,1.0260418683592678,1.0260418683592678
8889,-0.5063036589533971,0.22926917708588185,0.22926917708588185
8890,-0.5140678331920661,0.16761912772687246,0.16761912772687246
8891,0.07168612444827849,0.9858594113292435,0.9858594113292435
8892,-0.8908607534836588,0.3653445926850639,0.3653445926850639
8893,-0.633588802337355,0.11074651860084342,0.11074651860084342
8894,0.7425285500240075,-0.049476998928565885,-0.049476998928565885
8895,-0.26519046559014403,0.7552087817586752,0.7552087817586752
8896,0.2968905936668724,0.6627197237183493,0.6627197237183493
8897,-0.006182712848650462,0.965667049224551,0.965667049224551
8898,-0.6389200927406669,0.14974901614378885,0.14974901614378885
8899,0.6911886942254213,-0.06263363319867012,-0.06263363319867012
8900,0.6920767536295376,0.08889751809937833,0.08889751809937833
8901,0.2426372098758367,0.7834872085660645,0.7834872085660645
8902,0.8571524480333432,0.2011109726166218,0.2011109726166218
8903,-0.5221199380669799,0.1714732556176961,0.1714732556176961
8904,0.9367137967554846,0.5624175279021716,0.5624175279021716
8905,0.9437520497658878,0.605983255609456,0.605983255609456
8906,0.6455486074445675,-0.046024043773438716,-0.046024043773438716
8907,-0.6585834489409095,-0.046531613778776904,-0.046531613778776904
8908,0.34832234411327856,0.5508093750394603,0.5508093750394603
8909,-0.002619697422572509,1.017549329622548,1.017549329622548
8910,0.4398527388291069,0.3141640672525425,0.3141640672525425
8911,-0.9763823265277798,0.8380905213929484,0.8380905213929484
8912,-0.04530325141160185,0.9597326567947528,0.9597326567947528
8913,0.09016364318039471,1.0485385316140163,1.0485385316140163
8914,0.5698358717080707,0.08096805707810198,0.08096805707810198
8915,0.478369317318428,0.2982657824178601,0.2982657824178601
8916,-0.535016243949092,0.1837857556057774,0.1837857556057774
8917,-0.27331395408415626,0.7042638857671251,0.7042638857671251
8918,0.03113261360734554,1.029104971445194,1.029104971445194
8919,-0.5907794496707468,0.07264211753848338,0.07264211753848338
8920,0.5330834722605948,0.10192960150480984,0.10192960150480984
8921,0.49952397805603055,0.2635399377529279,0.2635399377529279
8922,0.3687155095650483,0.5052581466137146,0.5052581466137146
8923,-0.1222068741551543,0.9130666521591058,0.9130666521591058
8924,-0.4397218131949534,0.42163836868192317,0.42163836868192317
8925,0.8890776080640832,0.3902410815213296,0.3902410815213296
8926,0.1884766915498819,0.8523266178812979,0.8523266178812979
8927,-0.8290172128303992,0.11749437618482164,0.11749437618482164
8928,-0.4100354944228435,0.3891974216704117,0.3891974216704117
8929,0.4549636546632496,0.3816169903795549,0.3816169903795549
8930,0.5461494013570212,0.12485654593671972,0.12485654593671972
8931,0.2747683611278364,0.7019329713520901,0.7019329713520901
8932,0.3248583615137337,0.6366916495870775,0.6366916495870775
8933,0.6757796237341198,0.07376370823567996,0.07376370823567996
8934,0.812112400898604,0.1920323378061153,0.1920323378061153
8935,-0.7008482058027588,0.007292805154496761,0.007292805154496761
8936,0.12472868363329104,0.9357819099653799,0.9357819099653799
8937,-0.06943862538557277,0.9849113222402022,0.9849113222402022
8938,-0.39278681954483363,0.45592993200867665,0.45592993200867665
8939,-0.36059702015122563,0.5342394823157912,0.5342394823157912
8940,-0.7702543558280981,0.03947459342924515,0.03947459342924515
8941,-0.1716027224177905,0.9196882591796649,0.9196882591796649
8942,-0.7899767133318936,0.041466076412102294,0.041466076412102294
8943,-0.47622463320963226,0.32105621453521976,0.32105621453521976
8944,0.49135395515960956,0.22265703589360394,0.22265703589360394
8945,-0.5191967247576297,0.2897647340480939,0.2897647340480939
8946,-0.2849124587690146,0.7949105244766554,0.7949105244766554
8947,-0.33937309121340675,0.6286036088997957,0.6286036088997957
8948,0.9980939612988022,1.0106980567117472,1.0106980567117472
8949,-0.9219470498817539,0.4937998672311404,0.4937998672311404
8950,0.5667168296223479,0.12688909214990793,0.12688909214990793
8951,0.0698368289132274,0.9983847929156424,0.9983847929156424
8952,-0.8148630999924158,0.05594849227495509,0.05594849227495509
8953,-0.9357990111654733,0.6407139764163998,0.6407139764163998
8954,-0.03507944119630291,0.9548639765920482,0.9548639765920482
8955,0.6892832284079167,-0.0515020342189983,-0.0515020342189983
8956,-0.46599573065405697,0.2514025685192789,0.2514025685192789
8957,-0.17192567523214786,0.8261541839067216,0.8261541839067216
8958,0.08235895156245365,0.9476431824506303,0.9476431824506303
8959,-0.11504642490875527,0.8671377932173946,0.8671377932173946
8960,-0.44575682570923747,0.2806008391751592,0.2806008391751592
8961,0.3647510683010926,0.5236993987091143,0.5236993987091143
8962,-0.28891370910495184,0.7324012025758345,0.7324012025758345
8963,0.5928389181087146,0.10681848237379298,0.10681848237379298
8964,-0.8597770780961376,0.23765446650445535,0.23765446650445535
8965,0.6954939831221818,0.030092801098445195,0.030092801098445195
8966,-0.25974008192223397,0.7248745844236256,0.7248745844236256
8967,0.8372043705380243,0.13276899766849448,0.13276899766849448
8968,0.7666776706507976,0.1569372589759665,0.1569372589759665
8969,-0.5059119875389939,0.2445141731368442,0.2445141731368442
8970,0.43305874171161807,0.37393713969081954,0.37393713969081954
8971,0.954282943932544,0.6404610871494535,0.6404610871494535
8972,-0.3727301937656844,0.49318467078776557,0.49318467078776557
8973,0.6962873658776931,-0.055850961455870235,-0.055850961455870235
8974,0.9069552529039517,0.4266518166869759,0.4266518166869759
8975,-0.3735480781730822,0.5016514176418093,0.5016514176418093
8976,-0.0065429254584232766,1.1128821632763723,1.1128821632763723
8977,-0.9157944844114276,0.4406675789612008,0.4406675789612008
8978,0.3958114720079937,0.4211919820598684,0.4211919820598684
8979,0.6786963238536452,-0.05501166245794285,-0.05501166245794285
8980,-0.3747445846498829,0.559565725728433,0.559565725728433
8981,-0.721130458657752,0.004102222749677837,0.004102222749677837
8982,0.23644708221049604,0.7625099038056463,0.7625099038056463
8983,0.7523957057580584,-0.002441356290928398,-0.002441356290928398
8984,-0.8098116231477974,0.029875839774278254,0.029875839774278254
8985,0.6899746049459252,0.042719192230844846,0.042719192230844846
8986,-0.6494707322354116,0.03988203071327194,0.03988203071327194
8987,0.3778656793026498,0.57661736301513,0.57661736301513
8988,-0.7512771395232916,0.015528318580196862,0.015528318580196862
8989,-0.3853389654259378,0.5937050647932742,0.5937050647932742
8990,0.6888183731421147,-0.05408261468147666,-0.05408261468147666
8991,-0.16961530388900425,0.8876802978345547,0.8876802978345547
8992,0.06292950974918599,1.1340712737231098,1.1340712737231098
8993,0.7398163770049169,-0.05285852277700303,-0.05285852277700303
8994,-0.21034055739848068,0.8361864365278873,0.8361864365278873
8995,0.07650854629094495,0.9436688836830401,0.9436688836830401
8996,-0.40022567355286465,0.4567585775480911,0.4567585775480911
8997,0.8968153697789061,0.3786125882021262,0.3786125882021262
8998,0.2190086620416256,0.8414647608027456,0.8414647608027456
8999,0.1453190503247419,0.8574821058436531,0.8574821058436531
9000,-0.9878564777657137,0.8956760770574789,0.8956760770574789
9001,0.3301203955456098,0.5386508274391559,0.5386508274391559
9002,-0.0012170861771609864,0.9913608394969511,0.9913608394969511
9003,0.43572217378815115,0.3961208902097628,0.3961208902097628
9004,0.27310897849307825,0.7263869144487649,0.7263869144487649
9005,-0.7403459926732623,0.07918743843788366,0.07918743843788366
9006,-0.16406994371007033,0.9306208345940052,0.9306208345940052
9007,0.7447681294104695,0.0019218527310713614,0.0019218527310713614
9008,0.12517069324962238,0.9407240838812885,0.9407240838812885
9009,-0.723698761071822,0.028006135901168724,0.028006135901168724
9010,-0.07077340651661923,1.01176801991392,1.01176801991392
9011,-0.3043073935350413,0.7166661804495135,0.7166661804495135
9012,0.5159082977386245,0.24398310024600584,0.24398310024600584
9013,-0.3799219228127566,0.5342542938095123,0.5342542938095123
9014,0.10998127923053702,0.9947208228054293,0.9947208228054293
9015,0.30998870320451277,0.6158464593518603,0.6158464593518603
9016,-0.9284027963772126,0.5271277101451697,0.5271277101451697
9017,0.893724286046848,0.41249635991458544,0.41249635991458544
9018,-0.11206816965513555,1.0134123191774835,1.0134123191774835
9019,-0.24993302324943123,0.826246995607529,0.826246995607529
9020,-0.7310421902033826,-0.006287093036823402,-0.006287093036823402
9021,0.4708850129576643,0.3166286213206724,0.3166286213206724
9022,0.5738959747070966,0.16118220398260732,0.16118220398260732
9023,-0.816782599220478,0.21625136794597177,0.21625136794597177
9024,0.7242391571885376,0.006519432645617796,0.006519432645617796
9025,-0.7321765973569854,-0.05378394859537191,-0.05378394859537191
9026,-0.5051320735573026,0.2488421424909098,0.2488421424909098
9027,0.8902105105297764,0.4140218037005605,0.4140218037005605
9028,0.7579237184912047,-0.01811567316018793,-0.01811567316018793
9029,-0.46298631050047523,0.3321603338153103,0.3321603338153103
9030,-0.8272552499734864,0.16177969142861498,0.16177969142861498
9031,0.2818531216241975,0.6900682300653032,0.6900682300653032
9032,0.614017237179389,0.08949790659842663,0.08949790659842663
9033,-0.9794442433633717,0.7843630576157438,0.7843630576157438
9034,-0.3291627760381426,0.5595779832199719,0.5595779832199719
9035,-0.9836474483414261,0.8695072984993131,0.8695072984993131
9036,0.4756344581950025,0.2142116145596039,0.2142116145596039
9037,0.41571218077924055,0.35592063298428867,0.35592063298428867
9038,0.4357297362430963,0.40958575749671616,0.40958575749671616
9039,0.5779899858890862,0.17201663221261065,0.17201663221261065
9040,0.02765555775938644,0.9018337587206321,0.9018337587206321
9041,0.645628848817045,0.03757247630166728,0.03757247630166728
9042,0.5170525426584436,0.15836909960276108,0.15836909960276108
9043,-0.2835761565076995,0.7512198914989009,0.7512198914989009
9044,0.43637825070226155,0.34493243344229607,0.34493243344229607
9045,0.3124243414132233,0.6802302134394418,0.6802302134394418
9046,-0.9162451938374041,0.41137187294982164,0.41137187294982164
9047,-0.5299562658810617,0.17752933099570134,0.17752933099570134
9048,-0.25049187097202297,0.8170364895515987,0.8170364895515987
9049,0.05758629781699165,0.9505924503431702,0.9505924503431702
9050,0.43772016896068644,0.3942614276132203,0.3942614276132203
9051,-0.4871626706297658,0.28524841802396395,0.28524841802396395
9052,-0.04179346967733544,1.0126023945117015,1.0126023945117015
9053,-0.17136714272608056,0.9146236393355553,0.9146236393355553
9054,0.19920266891169836,0.9570855880704644,0.9570855880704644
9055,-0.6705805232642221,0.022148813706443147,0.022148813706443147
9056,-0.8276170376678795,0.14674309802146995,0.14674309802146995
9057,-0.6237770880447537,-0.03331185504532281,-0.03331185504532281
9058,-0.5970708907955142,0.11104267089886519,0.11104267089886519
9059,0.34766654917591455,0.5940857686897933,0.5940857686897933
9060,0.03621570939619567,0.9915068265332867,0.9915068265332867
9061,0.9375681503705418,0.5760088852259042,0.5760088852259042
9062,0.4041964732025256,0.49410290222135067,0.49410290222135067
9063,-0.7633441418919786,0.0073523679382919115,0.0073523679382919115
9064,0.772882644408301,0.004767975882918524,0.004767975882918524
9065,0.23868113294004112,0.7982298307415356,0.7982298307415356
9066,0.8262236894211539,0.13784065343772078,0.13784065343772078
9067,-0.5266236571318086,0.19821128672365038,0.19821128672365038
9068,-0.9797477582693035,0.817647837480258,0.817647837480258
9069,0.008909922899968503,0.9958177022478207,0.9958177022478207
9070,0.5555369517793083,0.07023309109127289,0.07023309109127289
9071,-0.3584285264624063,0.45605576576690177,0.45605576576690177
9072,-0.1006762809422499,0.9062713243536987,0.9062713243536987
9073,-0.5390401382735786,0.18281728833555777,0.18281728833555777
9074,0.04640314582631211,0.9736313369747617,0.9736313369747617
9075,0.7847001668560925,0.11165434923615675,0.11165434923615675
9076,-0.9296908310269174,0.4269066875456311,0.4269066875456311
9077,0.6783682156202961,-0.027610762054970702,-0.027610762054970702
9078,-0.9128123879201049,0.39864870860239654,0.39864870860239654
9079,-0.8229884796348743,0.07254021395552482,0.07254021395552482
9080,-0.601978241127362,0.08081124089012846,0.08081124089012846
9081,-0.18520107956999765,0.8854349884603223,0.8854349884603223
9082,-0.0908306837586017,0.9729277531288373,0.9729277531288373
9083,-0.2712822802183352,0.6753337746981832,0.6753337746981832
9084,0.2663644852921856,0.7137867844491722,0.7137867844491722
9085,0.602634692415055,-0.02884869218150697,-0.02884869218150697
9086,0.12429203330860417,0.8715748316982672,0.8715748316982672
9087,-0.408937840650446,0.46333107336879725,0.46333107336879725
9088,0.9312505473467196,0.499074970279509,0.499074970279509
9089,-0.06832298910705448,1.065954350039562,1.065954350039562
9090,-0.2676070049561592,0.7988497623293511,0.7988497623293511
9091,0.6416185921419217,0.12199167652915859,0.12199167652915859
9092,-0.19780680558840635,0.8563496938966297,0.8563496938966297
9093,-0.6195137336622978,0.05334311406831663,0.05334311406831663
9094,-0.5146721593104202,0.23211268418761982,0.23211268418761982
9095,-0.9931421700153757,0.9806853685829796,0.9806853685829796
9096,0.2372151348934095,0.7822310797890233,0.7822310797890233
9097,-0.5800396089255131,0.17703814621555114,0.17703814621555114
9098,-0.11809891542315754,0.8802638369578746,0.8802638369578746
9099,-0.3955087814853928,0.5554824461153036,0.5554824461153036
9100,-0.7952018141055595,0.006524149942878296,0.006524149942878296
9101,0.28808431637277554,0.6134509567375307,0.6134509567375307
9102,0.4437065374146658,0.42108674478528885,0.42108674478528885
9103,0.2814751037490204,0.6728679312258595,0.6728679312258595
9104,0.06472991695661579,0.9289530772107321,0.9289530772107321
9105,-0.12389500939627052,0.9197751698104235,0.9197751698104235
9106,0.0828894397930644,0.9870044683684234,0.9870044683684234
9107,-0.9568932855593502,0.708744648115532,0.708744648115532
9108,-0.9444356733448969,0.5443062447701142,0.5443062447701142
9109,-0.02708856409827054,0.9491088840642701,0.9491088840642701
9110,-0.07199419471488833,1.0826397676509154,1.0826397676509154
9111,-0.01926635017603906,1.0178428910375459,1.0178428910375459
9112,-0.6547911684854852,0.04939129831943198,0.04939129831943198
9113,-0.057509256016372357,1.029584483413328,1.029584483413328
9114,0.19518839141801325,0.8476253529463866,0.8476253529463866
9115,-0.06864474950594679,1.0016243646475578,1.0016243646475578
9116,0.7526747266278078,0.02369328330534571,0.02369328330534571
9117,-0.08241283954974854,0.9544119672948064,0.9544119672948064
9118,-0.5558342435858927,0.13385502398137503,0.13385502398137503
9119,-0.6243351858088704,0.08634829141538039,0.08634829141538039
9120,-0.9272435114021111,0.49309962748031483,0.49309962748031483
9121,0.8786074146954264,0.2178710315871517,0.2178710315871517
9122,-0.886066938066026,0.2009844202223643,0.2009844202223643
9123,0.7021596181515266,-0.065459722631693,-0.065459722631693
9124,-0.04638083532507942,1.0000923912062407,1.0000923912062407
9125,0.7806759885408243,0.01151750548611237,0.01151750548611237
9126,-0.42538231044735353,0.41534728862712333,0.41534728862712333
9127,0.04681854766766791,1.030939317194247,1.030939317194247
9128,0.3859176940260116,0.47858315704306253,0.47858315704306253
9129,0.35804136977900614,0.49656495796288336,0.49656495796288336
9130,0.5546105923384197,0.11455272084337625,0.11455272084337625
9131,0.5199007698139739,0.19102230215798743,0.19102230215798743
9132,-0.7675391648468566,0.08019291634777799,0.08019291634777799
9133,0.5549146264726017,0.12332662402594716,0.12332662402594716
9134,0.3024136377121671,0.6904760650914619,0.6904760650914619
9135,-0.5548743359687844,0.21457365917566074,0.21457365917566074
9136,-0.5746287614718752,0.05947254214593608,0.05947254214593608
9137,-0.12817038005199088,0.9614042362540299,0.9614042362540299
9138,-0.30329518516026854,0.5426568674463911,0.5426568674463911
9139,0.09949623847238609,0.907396329458835,0.907396329458835
9140,-0.03969047369136214,0.9656911209333314,0.9656911209333314
9141,-0.1345097713392931,0.9727850429330608,0.9727850429330608
9142,-0.2294466177612875,0.8048984557721319,0.8048984557721319
9143,0.5524860071728461,0.19881762258402244,0.19881762258402244
9144,-0.6438986880645452,0.007382071562922168,0.007382071562922168
9145,-0.31102978899986344,0.6038890709518734,0.6038890709518734
9146,-0.0038845735366017653,0.9890930723213538,0.9890930723213538
9147,-0.18305955305297394,0.8729975693285674,0.8729975693285674
9148,0.4273548265928784,0.4530231429061034,0.4530231429061034
9149,0.06950288512106284,0.9618434609093365,0.9618434609093365
9150,-0.10928731721632401,1.019366695900176,1.019366695900176
9151,-0.11752204379348097,1.0329500314730948,1.0329500314730948
9152,0.08053703833376735,1.0680745596598633,1.0680745596598633
9153,0.14027376630366772,0.9243223404673091,0.9243223404673091
9154,-0.5577094766915094,0.1306780005360035,0.1306780005360035
9155,0.3689142546277524,0.536198938240753,0.536198938240753
9156,-0.8103733976783083,0.06074703613810419,0.06074703613810419
9157,0.7407019492214453,-0.006032577922669825,-0.006032577922669825
9158,-0.3459344182267077,0.5906426611179877,0.5906426611179877
9159,-0.1884464723205861,0.8351441910486445,0.8351441910486445
9160,-0.9064916933154341,0.3569145961764779,0.3569145961764779
9161,0.6563468840420819,0.014750784944698631,0.014750784944698631
9162,0.12093345062991467,0.9303551700692346,0.9303551700692346
9163,0.5679667121881811,0.16487819804549642,0.16487819804549642
9164,-0.478641643332568,0.29886198642974515,0.29886198642974515
9165,0.5217823095932708,0.14691850901453796,0.14691850901453796
9166,0.28985358762786917,0.6726818834671886,0.6726818834671886
9167,0.9728070528256891,0.8110575327741185,0.8110575327741185
9168,0.7192473526443508,0.03675690643149839,0.03675690643149839
9169,0.9828322373106908,0.8984875297888453,0.8984875297888453
9170,-0.024855673537187872,0.9483806728177155,0.9483806728177155
9171,-0.9587403195581421,0.762068934403839,0.762068934403839
9172,-0.20997390205541233,0.7976545769154424,0.7976545769154424
9173,-0.730755266413766,0.007902928433688634,0.007902928433688634
9174,0.17809339103914623,0.8437091137374559,0.8437091137374559
9175,0.21803699982971736,0.7773154574218724,0.7773154574218724
9176,-0.44893608993036893,0.35927642350288697,0.35927642350288697
9177,-0.04973859173897477,1.0892350728670845,1.0892350728670845
9178,-0.12237883080219158,0.8913115094108979,0.8913115094108979
9179,0.416100211936141,0.519729003484446,0.519729003484446
9180,0.899144002991515,0.43978719586595816,0.43978719586595816
9181,-0.4812873206898869,0.28888200410975295,0.28888200410975295
9182,-0.7842231220121381,0.0538373974596791,0.0538373974596791
9183,-0.9897659272369619,0.9291149213275942,0.9291149213275942
9184,0.0634633522988719,1.0086548415583818,1.0086548415583818
9185,0.8994874397019665,0.33536513520103933,0.33536513520103933
9186,-0.4953830218341113,0.1698149223376067,0.1698149223376067
9187,-0.33977108296970515,0.5751972659020168,0.5751972659020168
9188,-0.06991209973008594,0.9037710535292512,0.9037710535292512
9189,-0.6030375405953616,0.08784720007146678,0.08784720007146678
9190,-0.5415627709629816,0.17224146829408096,0.17224146829408096
9191,-0.2199640022467495,0.8567676386667348,0.8567676386667348
9192,0.4090814830603937,0.42690997597812536,0.42690997597812536
9193,0.6707043134097566,0.033700671502080046,0.033700671502080046
9194,0.8662122673901531,0.17218203068699814,0.17218203068699814
9195,0.42076949815048326,0.49090933152975075,0.49090933152975075
9196,0.17613661617088616,0.9304603350695011,0.9304603350695011
9197,-0.2477664531186201,0.8934822280937122,0.8934822280937122
9198,0.13372913507205708,0.9481148981385981,0.9481148981385981
9199,0.41581012900540837,0.42197394993803283,0.42197394993803283
9200,-0.5480000277405754,0.11469418144962146,0.11469418144962146
9201,0.7339972754047948,-0.060439935633308135,-0.060439935633308135
9202,0.3374588241125247,0.6338121520102995,0.6338121520102995
9203,0.6639991398586556,-0.09615225303522963,-0.09615225303522963
9204,0.4239996321366739,0.3978891035845943,0.3978891035845943
9205,0.5444922273433055,0.18203547467259906,0.18203547467259906
9206,-0.1489691805163964,1.0023389879637372,1.0023389879637372
9207,-0.6035680725826738,0.1038163205755115,0.1038163205755115
9208,0.6851518964088337,-0.04985057118185879,-0.04985057118185879
9209,0.43854873489002233,0.43967753849137414,0.43967753849137414
9210,0.598448165649792,0.08324003904776076,0.08324003904776076
9211,-0.3677681818408136,0.5534577143311197,0.5534577143311197
9212,-0.4890724973792797,0.31671738867067606,0.31671738867067606
9213,-0.9814023893251154,0.7825130257147289,0.7825130257147289
9214,-0.3690684428479214,0.535509081527503,0.535509081527503
9215,-0.03925201952212243,0.965285265520393,0.965285265520393
9216,-0.2595811834086401,0.6803053653906181,0.6803053653906181
9217,0.022202982181789288,1.0664792271469685,1.0664792271469685
9218,-0.8711796022060818,0.3088884503717697,0.3088884503717697
9219,-0.7810549201920374,0.0637200490370961,0.0637200490370961
9220,0.9352344535723018,0.5632630263974814,0.5632630263974814
9221,-0.7724472206823161,0.0032342518687072525,0.0032342518687072525
9222,0.7716315006582766,0.022903340277768882,0.022903340277768882
9223,0.8445745746380648,0.17296624497674862,0.17296624497674862
9224,-0.6433760358677321,-0.025998459879922053,-0.025998459879922053
9225,0.7007366672320914,0.06642168155985424,0.06642168155985424
9226,-0.49405566802182554,0.13392777036346107,0.13392777036346107
9227,0.49417810757160896,0.26666315900444987,0.26666315900444987
9228,0.33864218032435245,0.6395499542508521,0.6395499542508521
9229,0.9445872377314344,0.7159281688786268,0.7159281688786268
9230,-0.8906564775832642,0.3900348700682161,0.3900348700682161
9231,0.949816357214345,0.6151370671699731,0.6151370671699731
9232,-0.433558593752708,0.329490632262353,0.329490632262353
9233,0.47473022464400505,0.2533597015417322,0.2533597015417322
9234,-0.5412370650157763,0.2302888931827043,0.2302888931827043
9235,0.7450783828925611,0.10438090280237337,0.10438090280237337
9236,-0.4578574645635256,0.34703431610704655,0.34703431610704655
9237,-0.889558555600094,0.3168804822177643,0.3168804822177643
9238,0.7888831278611421,0.06053093800949563,0.06053093800949563
9239,-0.609663148136663,0.046161407189324793,0.046161407189324793
9240,-0.2734692498846163,0.7333442609876895,0.7333442609876895
9241,0.49165701171019727,0.28051497662629316,0.28051497662629316
9242,0.1026080053726508,1.027447695307223,1.027447695307223
9243,0.5269279233542954,0.21749845690743694,0.21749845690743694
9244,-0.33964945882407793,0.6064902285379742,0.6064902285379742
9245,0.9450418008633179,0.5821189761415939,0.5821189761415939
9246,0.5244603593712134,0.22746339912901145,0.22746339912901145
9247,0.898807797254088,0.3686760050793274,0.3686760050793274
9248,-0.3442825991494407,0.5579580077069362,0.5579580077069362
9249,0.1345381420080951,0.9586880565330758,0.9586880565330758
9250,-0.31665023988197527,0.6413864476003627,0.6413864476003627
9251,0.44302006816818107,0.4563542424765686,0.4563542424765686
9252,-0.9425167250347057,0.6264858264778247,0.6264858264778247
9253,-0.5192714285664857,0.2184591482670312,0.2184591482670312
9254,-0.9109977047086961,0.39729093898761864,0.39729093898761864
9255,0.338032907624918,0.6005240210491699,0.6005240210491699
9256,-0.3799529235361989,0.5987691792398341,0.5987691792398341
9257,0.9080364536966969,0.4664906000900956,0.4664906000900956
9258,-0.6842050433220235,0.00904005239694332,0.00904005239694332
9259,-0.9601211843649082,0.6949401172006993,0.6949401172006993
9260,-0.6355751014368713,-0.03431940833538895,-0.03431940833538895
9261,-0.28371662613469484,0.8213443281080384,0.8213443281080384
9262,0.3518041553702842,0.6171363134017505,0.6171363134017505
9263,-0.23287287903324727,0.8065087101896066,0.8065087101896066
9264,0.5638158782817337,0.07849002311756431,0.07849002311756431
9265,0.04096266042838481,1.079268076493016,1.079268076493016
9266,0.8380424237579289,0.052869866573547114,0.052869866573547114
9267,-0.02660769544595576,0.9754098005617524,0.9754098005617524
9268,0.8280849166614197,0.15396593056800872,0.15396593056800872
9269,-0.6854615723289166,-0.09837905580382038,-0.09837905580382038
9270,0.04438129587552875,1.0484728981957867,1.0484728981957867
9271,-0.2255509551026842,0.8252521075930205,0.8252521075930205
9272,-0.16941428995369945,0.9650584796897681,0.9650584796897681
9273,-0.9684151429751862,0.7973475652784074,0.7973475652784074
9274,0.10483868922311124,0.996404923775918,0.996404923775918
9275,0.1491938668413484,0.9882885277580772,0.9882885277580772
9276,-0.9639376000266471,0.7539255783651602,0.7539255783651602
9277,-0.4337625939163383,0.33947165122351286,0.33947165122351286
9278,-0.7872090344434322,0.021534607432206046,0.021534607432206046
9279,0.22163449432674165,0.7669852104294033,0.7669852104294033
9280,-0.8498125136344041,0.11252289055572916,0.11252289055572916
9281,-0.4912218112854667,0.2104298494056343,0.2104298494056343
9282,-0.9029363997410778,0.3614016176517332,0.3614016176517332
9283,0.30486746924489827,0.6893714756820268,0.6893714756820268
9284,-0.13394198867438467,1.009724861615992,1.009724861615992
9285,0.5176436558004893,0.11743339974682274,0.11743339974682274
9286,0.6325629987068093,-0.0026705049583831894,-0.0026705049583831894
9287,-0.8266899834869037,0.1415149674841144,0.1415149674841144
9288,0.6004680390125106,0.17040204833025668,0.17040204833025668
9289,-0.7969738090711833,0.14773195243446133,0.14773195243446133
9290,-0.782575345476977,0.10508128064308325,0.10508128064308325
9291,0.8167972919757378,0.12730968826818967,0.12730968826818967
9292,-0.39267756331209447,0.3593359112246652,0.3593359112246652
9293,-0.31956898717518345,0.5493380864219591,0.5493380864219591
9294,-0.8511460012344567,0.1502272896720951,0.1502272896720951
9295,-0.6158579693264812,0.028767539229400015,0.028767539229400015
9296,0.9260256928239563,0.4813662241439053,0.4813662241439053
9297,-0.8054002788949501,0.045638435506095525,0.045638435506095525
9298,-0.5025632017666168,0.24946272930525634,0.24946272930525634
9299,-0.611440352723571,0.10368869287270237,0.10368869287270237
9300,0.19232656829844408,0.8699090361871674,0.8699090361871674
9301,-0.25235169682987424,0.7720848411159219,0.7720848411159219
9302,0.4301352435134196,0.36143719386892187,0.36143719386892187
9303,0.6447656812970337,0.04453128482774038,0.04453128482774038
9304,0.07322695951988689,0.9463076340443276,0.9463076340443276
9305,0.6316003036099489,-0.027303901833178927,-0.027303901833178927
9306,0.4545497265642413,0.3500422892035015,0.3500422892035015
9307,0.7345563853704207,0.008404529273770106,0.008404529273770106
9308,-0.5756230615187885,0.08670725812303567,0.08670725812303567
9309,0.7382464358320857,-0.022658741447848314,-0.022658741447848314
9310,0.31193361512533757,0.6808979243208655,0.6808979243208655
9311,-0.1496500798530993,0.956758223497171,0.956758223497171
9312,0.735866529445057,0.02449630164581687,0.02449630164581687
9313,-0.5719537042724794,0.11117735955200274,0.11117735955200274
9314,-0.30036814122741506,0.6557958578055447,0.6557958578055447
9315,-0.790600378272879,0.14076644380668785,0.14076644380668785
9316,0.3126101246315143,0.6942342852820581,0.6942342852820581
9317,0.7512134113085793,0.044989410633074337,0.044989410633074337
9318,-0.3112058869906851,0.6936850962968345,0.6936850962968345
9319,0.6606568121603573,0.0347159889091732,0.0347159889091732
9320,0.41750572807367514,0.36063439302671974,0.36063439302671974
9321,0.5985422412910582,0.05528759693412777,0.05528759693412777
9322,-0.7575168847043325,0.02907247964277942,0.02907247964277942
9323,-0.44560261200547746,0.37140663547497327,0.37140663547497327
9324,-0.15173455428463312,0.9303240021894676,0.9303240021894676
9325,0.3449829271850977,0.47659229754732185,0.47659229754732185
9326,0.37375306531937635,0.5940954934903425,0.5940954934903425
9327,-0.32880644839830264,0.6177654027012714,0.6177654027012714
9328,0.6648324857640258,0.04534836804292704,0.04534836804292704
9329,-0.1512232947889487,0.9368219104958051,0.9368219104958051
9330,-0.9314006980343503,0.5477452761251659,0.5477452761251659
9331,-0.057077627248165674,1.087270362095048,1.087270362095048
9332,-0.007038174462056901,0.9292501344279187,0.9292501344279187
9333,0.43902937458561686,0.3657929841469317,0.3657929841469317
9334,0.5138293231991367,0.22019707001207822,0.22019707001207822
9335,0.44874801074897164,0.3749787132011467,0.3749787132011467
9336,-0.7001829328868523,-0.05799479937536372,-0.05799479937536372
9337,-0.033823208136462446,0.9340871343921915,0.9340871343921915
9338,0.0204618057325614,1.0579736669381525,1.0579736669381525
9339,0.31646659428135426,0.6492536850058688,0.6492536850058688
9340,-0.822252336760245,0.10781058304155487,0.10781058304155487
9341,-0.08224901258187978,1.042507960995709,1.042507960995709
9342,0.09111626405842488,1.0474315924685527,1.0474315924685527
9343,-0.9739609258308541,0.7683132161823442,0.7683132161823442
9344,0.4292135621246187,0.4121470812342672,0.4121470812342672
9345,0.5323447385276896,0.2118994478224952,0.2118994478224952
9346,-0.8666498824096132,0.23862538819758136,0.23862538819758136
9347,0.5594319404582537,0.08929872126701915,0.08929872126701915
9348,0.2996857246430691,0.6383196905586609,0.6383196905586609
9349,-0.3506193587450557,0.5298278299794786,0.5298278299794786
9350,0.867048532710732,0.21048141434804615,0.21048141434804615
9351,-0.813069473036327,0.07844184916114642,0.07844184916114642
9352,-0.8564563253762554,0.24784831450775274,0.24784831450775274
9353,-0.48687814790401474,0.2161724684328705,0.2161724684328705
9354,0.6688048946674672,0.0065178418607382054,0.0065178418607382054
9355,0.0038922946693125127,1.0477636303274083,1.0477636303274083
9356,-0.42028176598130784,0.4831084088430953,0.4831084088430953
9357,-0.7942623292926192,0.08917035863376957,0.08917035863376957
9358,-0.39791559487305905,0.5287561657637713,0.5287561657637713
9359,-0.8682955446732952,0.2823017362927386,0.2823017362927386
9360,0.40015328786651394,0.4971625924338557,0.4971625924338557
9361,-0.7160812791337106,-0.0352840664661201,-0.0352840664661201
9362,0.3228642732018683,0.5953552751784885,0.5953552751784885
9363,-0.2758808449395187,0.7289049672120385,0.7289049672120385
9364,-0.649157711630018,-0.024082150469564374,-0.024082150469564374
9365,0.47258111252397317,0.26553286926803965,0.26553286926803965
9366,0.5588175838951552,0.09888861723292014,0.09888861723292014
9367,0.369875715837503,0.6038951095154397,0.6038951095154397
9368,-0.7065115365897583,-0.027470722882489022,-0.027470722882489022
9369,-0.7225911982556892,0.024248901947965352,0.024248901947965352
9370,-0.6726181009151058,0.04795347496856085,0.04795347496856085
9371,0.27555336972579814,0.8063566606572036,0.8063566606572036
9372,0.11422668695582483,0.9661062515184613,0.9661062515184613
9373,0.897056688732,0.3307308422817463,0.3307308422817463
9374,0.02325245562306777,1.1435945191981125,1.1435945191981125
9375,-0.26947186949786284,0.7760624449023745,0.7760624449023745
9376,-0.4269931823935369,0.346579022340659,0.346579022340659
9377,0.34905083016242977,0.48147424662747496,0.48147424662747496
9378,-0.8842590814194426,0.38895779387462276,0.38895779387462276
9379,-0.46687937978775373,0.29998475716691575,0.29998475716691575
9380,0.5986837989818166,0.04318730400443542,0.04318730400443542
9381,0.9327197021495155,0.5497189099857129,0.5497189099857129
9382,-0.4740903878389078,0.2756603076318006,0.2756603076318006
9383,-0.12433957109150828,0.837663281793025,0.837663281793025
9384,-0.5018658249891637,0.2385884871722831,0.2385884871722831
9385,0.675320265707599,-0.007295132644390995,-0.007295132644390995
9386,0.010711844307673468,0.9456503392097224,0.9456503392097224
9387,0.335328854299243,0.5453533920348028,0.5453533920348028
9388,-0.2002687067303166,0.8266136840620385,0.8266136840620385
9389,0.764686266597445,-0.05421668566480112,-0.05421668566480112
9390,0.6446414057923069,0.04049677140849964,0.04049677140849964
9391,-0.6697804063661148,0.11751096072653225,0.11751096072653225
9392,-0.4502466318510898,0.3286737891787114,0.3286737891787114
9393,0.6726732881661632,0.039079382378429194,0.039079382378429194
9394,0.6295711177990928,-0.008112833519597025,-0.008112833519597025
9395,0.33428822263114255,0.6207214800332705,0.6207214800332705
9396,-0.1250830953595623,0.947850956649557,0.947850956649557
9397,-0.19905121234515244,0.748962738969584,0.748962738969584
9398,-0.1488864685971294,0.7978621129631993,0.7978621129631993
9399,0.09736117976655967,0.9582170013492488,0.9582170013492488
9400,0.06361070008604108,0.9202090648891941,0.9202090648891941
9401,-0.792344767732055,0.05728726425225892,0.05728726425225892
9402,-0.8062728824824195,0.10273094374431677,0.10273094374431677
9403,0.4268093302618543,0.3812645134355573,0.3812645134355573
9404,0.5643664725923654,0.15492866422170293,0.15492866422170293
9405,0.12952408644699465,0.9111588906640659,0.9111588906640659
9406,-0.611613825284556,0.03252120222928197,0.03252120222928197
9407,-0.4290792444395104,0.35308124147221487,0.35308124147221487
9408,-0.1173718588058541,1.0439775668068154,1.0439775668068154
9409,-0.36402084445627936,0.5677077830360193,0.5677077830360193
9410,-0.6231058630056829,0.21428586649104528,0.21428586649104528
9411,0.9011995378388815,0.339572348364041,0.339572348364041
9412,0.4093075101493222,0.3488125252051012,0.3488125252051012
9413,-0.1743905171666591,0.8901387816068282,0.8901387816068282
9414,-0.20690511115009258,0.844212203293725,0.844212203293725
9415,-0.9770993492236946,0.8072446892949058,0.8072446892949058
9416,-0.5675252145429424,0.19172890107388957,0.19172890107388957
9417,-0.04292540344251283,1.087578327956638,1.087578327956638
9418,0.41421428578832487,0.4307211482667876,0.4307211482667876
9419,0.3046921325730536,0.6593973914679916,0.6593973914679916
9420,0.8826777265325096,0.33030337840855734,0.33030337840855734
9421,-0.9290387135960718,0.4950225564287763,0.4950225564287763
9422,0.41415596762516715,0.4999182075287718,0.4999182075287718
9423,-0.23507141756097183,0.8304677288576323,0.8304677288576323
9424,-0.1605657714294797,0.893615246424282,0.893615246424282
9425,0.8062964163169073,0.033686226248375147,0.033686226248375147
9426,0.7327717505127596,0.03149363457967668,0.03149363457967668
9427,0.35257723700787724,0.541399676772734,0.541399676772734
9428,0.031565895003342614,0.9812277223907102,0.9812277223907102
9429,0.9048161888016206,0.42066430764751017,0.42066430764751017
9430,-0.987647269824232,0.8995740901522591,0.8995740901522591
9431,-0.1565943019091045,0.9184676456378907,0.9184676456378907
9432,0.339335428456502,0.5474594039222745,0.5474594039222745
9433,0.7417354495383861,0.03966778238637264,0.03966778238637264
9434,0.07923909874024515,0.9744657628708235,0.9744657628708235
9435,-0.5852321821603692,0.09365909339013608,0.09365909339013608
9436,-0.28979400774983266,0.6830230817656908,0.6830230817656908
9437,0.6197166826733178,0.030366290543467737,0.030366290543467737
9438,-0.3063229487275059,0.6874429870080454,0.6874429870080454
9439,0.3266287411016149,0.6246921450241398,0.6246921450241398
9440,-0.034811728449567925,1.0561121054546863,1.0561121054546863
9441,-0.29640732874435627,0.6420670219895285,0.6420670219895285
9442,-0.35672415142701697,0.492972651300717,0.492972651300717
9443,-0.5478968387613463,0.14459892176131367,0.14459892176131367
9444,0.7629335614508814,0.06315422321158963,0.06315422321158963
9445,0.7288082597360439,0.054627185995109455,0.054627185995109455
9446,0.5600352326632994,0.11915350274804182,0.11915350274804182
9447,-0.7033159124628385,-0.005495337536044512,-0.005495337536044512
9448,-0.02523302908433811,0.9463123702627823,0.9463123702627823
9449,0.36911042707669384,0.5594730618640733,0.5594730618640733
9450,0.6110356131600325,0.11939029929855477,0.11939029929855477
9451,0.9977792369782512,1.0411221960150006,1.0411221960150006
9452,0.47604655367278714,0.29640048031541827,0.29640048031541827
9453,0.8302264490282618,0.19868794758489866,0.19868794758489866
9454,0.04937534168463564,1.0447202895561987,1.0447202895561987
9455,-0.2738729595709488,0.7263325830368197,0.7263325830368197
9456,0.5974650722390249,0.04324880671665663,0.04324880671665663
9457,0.7340651450090048,0.002536229021867481,0.002536229021867481
9458,0.49193735887009105,0.18801043009886603,0.18801043009886603
9459,0.9568493655892989,0.7788233515411664,0.7788233515411664
9460,0.39620858753824284,0.48117638674233154,0.48117638674233154
9461,0.456490899431907,0.2798739794859786,0.2798739794859786
9462,-0.372021694616985,0.5213850058139337,0.5213850058139337
9463,0.5568602444003508,0.11565998926427709,0.11565998926427709
9464,-0.14887897526754168,0.8447293640151927,0.8447293640151927
9465,0.9602872494871504,0.7568034234520498,0.7568034234520498
9466,0.935340345264994,0.5425911718283537,0.5425911718283537
9467,0.25339494413243613,0.6474768421214465,0.6474768421214465
9468,0.8426295838559359,0.19104924905635437,0.19104924905635437
9469,-0.9843983593671974,0.7922505645820563,0.7922505645820563
9470,0.901407996974358,0.35115848394479515,0.35115848394479515
9471,-0.918536332466884,0.5070447932127826,0.5070447932127826
9472,0.4393230261565979,0.41547472100527105,0.41547472100527105
9473,0.0838729449773552,0.9524907336332514,0.9524907336332514
9474,-0.8023656906288572,0.05501669574503633,0.05501669574503633
9475,0.8657865833912166,0.20685692181733,0.20685692181733
9476,0.7214547066694867,-0.014133590988433118,-0.014133590988433118
9477,0.791133843788197,0.004472454424636944,0.004472454424636944
9478,0.7784384984593031,0.049845524596949575,0.049845524596949575
9479,0.5762361575780113,0.11105762209217251,0.11105762209217251
9480,0.814935763156925,0.02545165181687617,0.02545165181687617
9481,0.35505478073084684,0.578313236687992,0.578313236687992
9482,0.9150399665147664,0.4931090421739977,0.4931090421739977
9483,0.8071393842168766,0.18752569279581266,0.18752569279581266
9484,0.7566217836315579,0.07838756831794139,0.07838756831794139
9485,-0.05355621927611187,0.9911005148437659,0.9911005148437659
9486,-0.9620276848976048,0.5437875076659694,0.5437875076659694
9487,-0.34828714123825066,0.6245402094566441,0.6245402094566441
9488,-0.872248130656947,0.31834900913542524,0.31834900913542524
9489,0.4755537623070232,0.2689728905245181,0.2689728905245181
9490,-0.2981159219127767,0.5436093287342041,0.5436093287342041
9491,0.2205518670119031,0.8488375758902251,0.8488375758902251
9492,-0.21004550529127486,0.9169672369124983,0.9169672369124983
9493,-0.5433600236855314,0.18018218268530745,0.18018218268530745
9494,0.5350663097179649,0.22560657633732414,0.22560657633732414
9495,0.47984380021566575,0.32620200349259515,0.32620200349259515
9496,-0.6133585823981722,0.018925688409282382,0.018925688409282382
9497,0.9943115144707624,0.9827083423731451,0.9827083423731451
9498,0.2618944600430484,0.7800374314865806,0.7800374314865806
9499,0.05823516304877585,0.9189179236847368,0.9189179236847368
9500,-0.6892064443464159,-0.0585923666774152,-0.0585923666774152
9501,0.42752448594512615,0.40478454042257,0.40478454042257
9502,-0.8781300012078981,0.31919112561871565,0.31919112561871565
9503,0.5678955559152674,0.08950249348509287,0.08950249348509287
9504,-0.38679615724202066,0.5247381070708868,0.5247381070708868
9505,0.021929438768511833,0.9267245694928389,0.9267245694928389
9506,0.43439506515535187,0.3328984812432534,0.3328984812432534
9507,-0.470131903053421,0.17483084136574692,0.17483084136574692
9508,-0.5951741628272555,0.05297075479298099,0.05297075479298099
9509,0.25340789980696754,0.7530090458904397,0.7530090458904397
9510,-0.08613579785349623,0.9482209888468369,0.9482209888468369
9511,-0.787814241776047,0.06582346227919562,0.06582346227919562
9512,0.8110860174150865,0.10360165903769897,0.10360165903769897
9513,0.20678967419690664,0.8716898867922284,0.8716898867922284
9514,-0.8090792281544033,0.08772965774131465,0.08772965774131465
9515,-0.4647803792280307,0.34258175130763735,0.34258175130763735
9516,-0.7383685508706817,0.013433471727748546,0.013433471727748546
9517,0.7783933014598592,0.04019821932920528,0.04019821932920528
9518,-0.565859292591784,0.19626066080454085,0.19626066080454085
9519,-0.7434065940941597,-0.07777013330294885,-0.07777013330294885
9520,-0.8852284825498897,0.35347608683978715,0.35347608683978715
9521,0.8894852955160946,0.28063447767911065,0.28063447767911065
9522,0.5737320695922494,0.2182144935348915,0.2182144935348915
9523,0.3888614977013791,0.49002241294452964,0.49002241294452964
9524,-0.9225527074959743,0.5022093358096492,0.5022093358096492
9525,0.9890041103029859,0.9364879210657205,0.9364879210657205
9526,-0.04900765057397538,1.058166741388095,1.058166741388095
9527,0.9274975438613848,0.5814650511410233,0.5814650511410233
9528,0.9156689428517821,0.3688906118899454,0.3688906118899454
9529,0.2176046723069569,0.8082338131692655,0.8082338131692655
9530,-0.37136141601561157,0.4239636874597158,0.4239636874597158
9531,-0.43143284230220313,0.3225368809274676,0.3225368809274676
9532,-0.4507239800557148,0.3954068692445797,0.3954068692445797
9533,-0.2767149823903119,0.7448758241417908,0.7448758241417908
9534,-0.4342840603767286,0.33904765677731874,0.33904765677731874
9535,-0.9969095336101985,1.0310740716257514,1.0310740716257514
9536,0.42130534911384654,0.47077965552373435,0.47077965552373435
9537,-0.6080700957529113,0.08381464876926221,0.08381464876926221
9538,-0.5190708021747008,0.10227409224817537,0.10227409224817537
9539,0.531202436615118,0.18741416075332368,0.18741416075332368
9540,-0.08983740565384735,1.0542924171785162,1.0542924171785162
9541,0.7435437344384375,-0.0833964313416773,-0.0833964313416773
9542,-0.2764117332323457,0.7312542175157145,0.7312542175157145
9543,0.6385299852664625,0.006568586995204503,0.006568586995204503
9544,-0.24831539117205081,0.7951529020615516,0.7951529020615516
9545,-0.5810029380525155,0.1033618874422648,0.1033618874422648
9546,-0.9228676247521264,0.5740125303616272,0.5740125303616272
9547,-0.6125664329049272,0.14142613925889744,0.14142613925889744
9548,0.4187183692248506,0.35817916311315356,0.35817916311315356
9549,0.8255875891366506,0.08812620453068737,0.08812620453068737
9550,0.4484630254299351,0.34772077503253496,0.34772077503253496
9551,-0.5461623122571373,0.19818625774278548,0.19818625774278548
9552,0.12610496029392193,0.8978310611301059,0.8978310611301059
9553,-0.3106754649630159,0.5959753960941105,0.5959753960941105
9554,0.2938456060601333,0.6770082897146533,0.6770082897146533
9555,-0.1408011832706908,0.9049168203998751,0.9049168203998751
9556,0.2820886739726487,0.7487017702490004,0.7487017702490004
9557,0.2523084188847473,0.7565320132306572,0.7565320132306572
9558,-0.005805141743767228,1.023445482912285,1.023445482912285
9559,0.2580692001121385,0.8229182877099186,0.8229182877099186
9560,-0.48383913390203914,0.22625611588472255,0.22625611588472255
9561,0.2874449741518119,0.6701333349441196,0.6701333349441196
9562,0.3335777381515026,0.5798149110360965,0.5798149110360965
9563,-0.9459167563065327,0.6426307546588771,0.6426307546588771
9564,-0.7706504278818465,0.017275115785471116,0.017275115785471116
9565,0.2464882471909624,0.8002942533359524,0.8002942533359524
9566,-0.3847027268596275,0.46211470926979836,0.46211470926979836
9567,0.12251237743547505,0.9451281356975502,0.9451281356975502
9568,0.07963907437423168,0.9311049229586101,0.9311049229586101
9569,-0.25945539135711004,0.6603044616679358,0.6603044616679358
9570,-0.8183623700934772,0.13554480071102715,0.13554480071102715
9571,0.16510821446638535,0.9012667267071839,0.9012667267071839
9572,0.6150504432779784,0.06031031463055085,0.06031031463055085
9573,-0.21914311467777137,0.8409061290645615,0.8409061290645615
9574,0.4788568539488711,0.27276357250541833,0.27276357250541833
9575,0.3662780380766113,0.5101743737657065,0.5101743737657065
9576,-0.4077426271026592,0.4501638080872521,0.4501638080872521
9577,0.721763799800941,0.03809884604049836,0.03809884604049836
9578,0.5787255156835449,0.1646167276666583,0.1646167276666583
9579,-0.47596190357085977,0.3728041075513559,0.3728041075513559
9580,0.18213771695673442,0.8177495255930008,0.8177495255930008
9581,0.9020547932919842,0.339381044229429,0.339381044229429
9582,-0.9763669366735068,0.7874148847553147,0.7874148847553147
9583,0.38769654850382773,0.47974360562044793,0.47974360562044793
9584,-0.05362491196829455,0.91483481745003,0.91483481745003
9585,0.23236444173100623,0.7429117561100917,0.7429117561100917
9586,0.7799161841143885,0.05477352645874181,0.05477352645874181
9587,-0.3144797585616612,0.5873055049346562,0.5873055049346562
9588,-0.7781341530900883,0.0183445446187152,0.0183445446187152
9589,0.8639369342676364,0.21031190921966114,0.21031190921966114
9590,0.12921122157351062,0.9223418164967612,0.9223418164967612
9591,0.7193243519511763,-0.01713727507451054,-0.01713727507451054
9592,0.49041142757214184,0.3296387132847757,0.3296387132847757
9593,0.742206235839554,0.05834319845634199,0.05834319845634199
9594,0.8615077272913036,0.34284592016868204,0.34284592016868204
9595,-0.5815011726639019,0.21372425525585043,0.21372425525585043
9596,0.531631325336078,0.16429662768650627,0.16429662768650627
9597,0.9393786210581159,0.5704701918759927,0.5704701918759927
9598,0.9939797106604984,0.9453270516579151,0.9453270516579151
9599,0.2859281555879314,0.7152535941429925,0.7152535941429925
9600,-0.3874448767336871,0.5777045355860913,0.5777045355860913
9601,-0.8251146425528673,0.11184750721396133,0.11184750721396133
9602,-0.6243265852109308,0.09034505839044908,0.09034505839044908
9603,0.08189826248254661,1.0122691373704251,1.0122691373704251
9604,-0.45506639802806337,0.29097488258602267,0.29097488258602267
9605,-0.34141100925746826,0.6631673876015036,0.6631673876015036
9606,-0.06801143591587544,0.9362286286518141,0.9362286286518141
9607,0.4779331060934733,0.2678730042659286,0.2678730042659286
9608,-0.08264937159922714,1.0074303429793816,1.0074303429793816
9609,-0.6228100301159494,0.061155669506210125,0.061155669506210125
9610,0.10134571164835426,1.000729694599488,1.000729694599488
9611,-0.5647338655621623,0.1427296608407134,0.1427296608407134
9612,0.5938844923409548,0.12189064486502557,0.12189064486502557
9613,-0.9746788181133543,0.8054823597754642,0.8054823597754642
9614,-0.3950147574064986,0.4610071699229708,0.4610071699229708
9615,-0.646338869989387,0.06923018459755696,0.06923018459755696
9616,-0.749608572479322,-0.046806322903434755,-0.046806322903434755
9617,0.871207627039996,0.3430706029610984,0.3430706029610984
9618,-0.5891439203718183,0.05609010001893101,0.05609010001893101
9619,0.4532821078949558,0.33427188035619465,0.33427188035619465
9620,0.060817484967665036,1.00665252558132,1.00665252558132
9621,0.24515029795127696,0.7447896793250162,0.7447896793250162
9622,-0.34985444637499463,0.5550155731757155,0.5550155731757155
9623,-0.9940355351836403,0.9755929913296157,0.9755929913296157
9624,-0.24729263068808294,0.8399432810859802,0.8399432810859802
9625,-0.11943654096713763,0.7949284719449624,0.7949284719449624
9626,-0.4438230437016175,0.36742533880294975,0.36742533880294975
9627,-0.32696264650699725,0.6000426521050902,0.6000426521050902
9628,0.8459244737811842,0.27263898514016166,0.27263898514016166
9629,-0.05308145893682825,1.0323452672736744,1.0323452672736744
9630,0.48802543281398547,0.331760604711527,0.331760604711527
9631,-0.9687367635214155,0.7768815682229655,0.7768815682229655
9632,-0.27860355988214613,0.7402561588530333,0.7402561588530333
9633,0.9450344510709809,0.6355494313570857,0.6355494313570857
9634,0.0681696033631991,0.8977115214243597,0.8977115214243597
9635,-0.8942423991356085,0.38302338417494264,0.38302338417494264
9636,-0.025676544350906827,0.9303851056097283,0.9303851056097283
9637,0.7033847913126818,0.05900998006441292,0.05900998006441292
9638,-0.7932352934057132,0.05140748075405261,0.05140748075405261
9639,0.26495799597835434,0.6971833808909454,0.6971833808909454
9640,-0.5662998958968248,0.17476598060510393,0.17476598060510393
9641,-0.03113359812149663,1.0111544319246448,1.0111544319246448
9642,0.025042570119602203,0.917977004014725,0.917977004014725
9643,0.9800610771292895,0.8541524591470623,0.8541524591470623
9644,-0.9987715920514348,0.9862811937370045,0.9862811937370045
9645,0.5955870763438742,0.03822332707490182,0.03822332707490182
9646,-0.3492842548840627,0.5574080037531559,0.5574080037531559
9647,-0.8625994568976061,0.252080683256359,0.252080683256359
9648,0.5234192292399076,0.24055774045785505,0.24055774045785505
9649,-0.3991288090149885,0.4294044320477691,0.4294044320477691
9650,-0.09381110885787303,0.9995431960317233,0.9995431960317233
9651,0.3635408856989617,0.5690321644271054,0.5690321644271054
9652,-0.11061322325734668,0.9726078161927437,0.9726078161927437
9653,0.4589901713881692,0.4089443385726466,0.4089443385726466
9654,0.6061389323325574,0.09624037837374015,0.09624037837374015
9655,0.03832440456794051,0.8780103119856384,0.8780103119856384
9656,0.2554467343165092,0.7975867904161691,0.7975867904161691
9657,-0.3003953233761598,0.6542368789844938,0.6542368789844938
9658,0.5021881137836652,0.22652577078968306,0.22652577078968306
9659,-0.14574197000064637,0.8496329229314078,0.8496329229314078
9660,-0.318617602074156,0.5650479568078617,0.5650479568078617
9661,0.07899275460583643,0.9055024697576036,0.9055024697576036
9662,-0.18765388055948273,0.8544668793606677,0.8544668793606677
9663,0.5467895187017127,0.16101544623362413,0.16101544623362413
9664,0.2225746036662417,0.765843522454713,0.765843522454713
9665,0.5096952280551348,0.2058924011385277,0.2058924011385277
9666,0.44080589132822934,0.48764683915715656,0.48764683915715656
9667,-0.13696672063474602,0.9528875682041993,0.9528875682041993
9668,-0.6270321748313401,0.015403831270470052,0.015403831270470052
9669,-0.6354029263864682,0.12332663523762583,0.12332663523762583
9670,0.887569823452873,0.39858245771640866,0.39858245771640866
9671,0.7360378300214401,0.05044585545239612,0.05044585545239612
9672,-0.6823414898334217,-0.02463885586290935,-0.02463885586290935
9673,-0.4544722143816431,0.33245743036969355,0.33245743036969355
9674,-0.7071206006734818,-0.003513767894657551,-0.003513767894657551
9675,0.8018392006992687,0.08614691986900176,0.08614691986900176
9676,-0.8884926377192794,0.39200663037487,0.39200663037487
9677,-0.6535481240420733,0.0057970942521892825,0.0057970942521892825
9678,0.38277270077410686,0.4552693054171005,0.4552693054171005
9679,-0.9749813046666234,0.8081094224899646,0.8081094224899646
9680,-0.8610703651372644,0.16582815838561527,0.16582815838561527
9681,0.5787468743022757,0.03485227511875438,0.03485227511875438
9682,0.8158986676335047,0.030634528891163193,0.030634528891163193
9683,-0.5945994024457004,0.10419349748590005,0.10419349748590005
9684,-0.7363916127367094,0.07215777035567507,0.07215777035567507
9685,-0.28220298263603416,0.7611533575577235,0.7611533575577235
9686,-0.1846205073500864,0.8366055999845283,0.8366055999845283
9687,-0.4036665982802241,0.41041612751048023,0.41041612751048023
9688,-0.11621194027784654,0.8856768629532712,0.8856768629532712
9689,-0.8422183290004834,0.1793762298588347,0.1793762298588347
9690,0.07061905132139179,1.0792134746359676,1.0792134746359676
9691,0.3118154331642533,0.6975411845952815,0.6975411845952815
9692,0.5705879187257377,0.16568316464990168,0.16568316464990168
9693,0.8904525980416407,0.3448485577180135,0.3448485577180135
9694,-0.017872545751177693,1.0262783694225226,1.0262783694225226
9695,0.8063540021934419,0.05419370376113993,0.05419370376113993
9696,-0.1191374929066471,0.8599665950980084,0.8599665950980084
9697,-0.6331472734700745,-0.05342249259510079,-0.05342249259510079
9698,-0.6536491580781763,-0.058241665787843136,-0.058241665787843136
9699,0.6371314226362241,0.03078899300731519,0.03078899300731519
9700,-0.469540151745623,0.3577318793422547,0.3577318793422547
9701,0.3432193781750852,0.5496234455203961,0.5496234455203961
9702,-0.6970448364111581,0.027941217525516603,0.027941217525516603
9703,-0.8380778014170349,0.17482743207867946,0.17482743207867946
9704,0.9942268631306477,0.9394209498193979,0.9394209498193979
9705,-0.446576261738872,0.4114096523719676,0.4114096523719676
9706,-0.6917161527629996,0.03531588856879828,0.03531588856879828
9707,0.49871377244860815,0.2407499454571136,0.2407499454571136
9708,-0.8897063616362277,0.3572600477129371,0.3572600477129371
9709,0.8200062449664167,0.08472636884094004,0.08472636884094004
9710,-0.37652322700155283,0.522055023301919,0.522055023301919
9711,0.7477025842792744,-0.015093114230479742,-0.015093114230479742
9712,0.2510972385012684,0.7763527814507843,0.7763527814507843
9713,0.3127184219284207,0.6079497481701347,0.6079497481701347
9714,0.1780500075194924,0.8192233035070846,0.8192233035070846
9715,-0.9861298455170777,0.8747883915575971,0.8747883915575971
9716,0.4059401361592687,0.46048613925191656,0.46048613925191656
9717,-0.7702626280716387,0.02110907951676389,0.02110907951676389
9718,-0.850171650604914,0.10943044233531037,0.10943044233531037
9719,-0.01823680590019694,1.0192444595402863,1.0192444595402863
9720,0.8333446290245479,0.157326041539232,0.157326041539232
9721,-0.03752489438078621,1.017467225393111,1.017467225393111
9722,-0.3101723302072157,0.607469463545521,0.607469463545521
9723,-0.6374040480712859,0.03745388943886831,0.03745388943886831
9724,0.6830200070460499,0.051649920398868954,0.051649920398868954
9725,0.14335221240612817,0.9249191210927615,0.9249191210927615
9726,-0.7125384873030145,0.023520937131641266,0.023520937131641266
9727,0.13996671181748788,0.8894862247565936,0.8894862247565936
9728,-0.7143585805251378,-0.0626130128874859,-0.0626130128874859
9729,-0.20295802757088222,0.8310362714673443,0.8310362714673443
9730,0.81606278759574,0.1693483439446533,0.1693483439446533
9731,0.9093920591291349,0.39660468397430176,0.39660468397430176
9732,-0.8408237682105382,0.12305075725638775,0.12305075725638775
9733,-0.606207963147853,0.11041795550872074,0.11041795550872074
9734,0.1757958604442944,0.8391825228163275,0.8391825228163275
9735,-0.7388568598876937,-0.01075032146858238,-0.01075032146858238
9736,0.08239817410988559,1.0167743108435083,1.0167743108435083
9737,-0.4107844534989151,0.3586264753109364,0.3586264753109364
9738,-0.6070224206379553,0.1028490853319076,0.1028490853319076
9739,0.869944870682696,0.32408268946663327,0.32408268946663327
9740,0.38434693046399016,0.5223562444533953,0.5223562444533953
9741,-0.07075213195849073,1.0607993002000213,1.0607993002000213
9742,0.3196198762251208,0.6649233522270149,0.6649233522270149
9743,0.8826533407742041,0.29082355264623433,0.29082355264623433
9744,-0.5057672998670988,0.2230710873017913,0.2230710873017913
9745,0.949230056833243,0.6609320422052735,0.6609320422052735
9746,-0.6862534269709928,0.06448713733228349,0.06448713733228349
9747,-0.3666573749156865,0.49898919288344,0.49898919288344
9748,0.33592953359370004,0.6582523880144421,0.6582523880144421
9749,-0.4498390294528072,0.4514706634305234,0.4514706634305234
9750,0.03449901481693485,0.9710061702043967,0.9710061702043967
9751,0.3116407271763768,0.6108388731948694,0.6108388731948694
9752,-0.6008600876905106,-0.025966955440961323,-0.025966955440961323
9753,0.8041901353774163,0.16369482313651074,0.16369482313651074
9754,-0.7227019222767399,0.04332250214985872,0.04332250214985872
9755,-0.14332258413507515,0.9264826911272674,0.9264826911272674
9756,0.9783830311082351,0.812398259486182,0.812398259486182
9757,-0.9422155153413949,0.5744341349770518,0.5744341349770518
9758,0.9605509752489989,0.6582059403728081,0.6582059403728081
9759,0.7423897656518554,0.07692294229645935,0.07692294229645935
9760,0.4973659499443135,0.22874020735407616,0.22874020735407616
9761,0.4040602224445593,0.44200861479554865,0.44200861479554865
9762,-0.6819887285688655,-0.00841300980437276,-0.00841300980437276
9763,0.03398253629926673,0.9638433035288785,0.9638433035288785
9764,-0.09585282573726639,0.9053575189812362,0.9053575189812362
9765,-0.30509798533581156,0.585227255836961,0.585227255836961
9766,-0.9884604209894914,0.8623726498947228,0.8623726498947228
9767,-0.42268945151515047,0.43368898985544024,0.43368898985544024
9768,-0.217902357106311,0.7584490988304659,0.7584490988304659
9769,-0.22590747016275148,0.8267755630517969,0.8267755630517969
9770,0.19041992962878673,0.894298664894249,0.894298664894249
9771,-0.684963981636471,0.032211756041353616,0.032211756041353616
9772,-0.6186549245887518,0.0967992473032003,0.0967992473032003
9773,0.6220833445754685,0.029281575258915046,0.029281575258915046
9774,0.5865878245266547,0.11630150273252189,0.11630150273252189
9775,-0.1395655096516062,0.9885634361851457,0.9885634361851457
9776,0.34211799029566414,0.5945769643404938,0.5945769643404938
9777,-0.5653238659617168,0.15397128693600504,0.15397128693600504
9778,0.1704342830760699,0.8020343336001828,0.8020343336001828
9779,-0.7379153156551395,0.004318296299504461,0.004318296299504461
9780,-0.9142952789401619,0.43325935077635824,0.43325935077635824
9781,-0.8167856902618527,0.09704614245280058,0.09704614245280058
9782,-0.46192718026015234,0.3335733063611466,0.3335733063611466
9783,-0.5252302850553716,0.20348486188066592,0.20348486188066592
9784,-0.4261854253416164,0.39907438697579806,0.39907438697579806
9785,-0.8323376242804255,0.21796463238327504,0.21796463238327504
9786,-0.5003959672161182,0.34840761051872404,0.34840761051872404
9787,0.38177492200403895,0.37418384128222815,0.37418384128222815
9788,0.007134895321885493,1.0760610709997307,1.0760610709997307
9789,0.2102060231735592,0.8655069697256375,0.8655069697256375
9790,0.8035486643175771,0.06290903362297949,0.06290903362297949
9791,0.47538733278869016,0.3452520462264602,0.3452520462264602
9792,-0.3258360673323628,0.5817081802476588,0.5817081802476588
9793,0.20479658664515799,0.8550280239360428,0.8550280239360428
9794,0.6743493904434059,0.008842359583944009,0.008842359583944009
9795,-0.000783960012873397,1.012112317130963,1.012112317130963
9796,0.34828791048748986,0.6248788186833992,0.6248788186833992
9797,-0.5112975965338884,0.2815647422142964,0.2815647422142964
9798,-0.2125073538418809,0.8615758863517169,0.8615758863517169
9799,-0.9390174045853636,0.5812123058727239,0.5812123058727239
9800,0.43505618673533397,0.41838486707891626,0.41838486707891626
9801,-0.05957142038216423,1.0953954549965037,1.0953954549965037
9802,0.07386259098636416,1.0085685085746918,1.0085685085746918
9803,-0.590467731894482,0.04657895907810028,0.04657895907810028
9804,0.5604436888264193,0.17960867736010885,0.17960867736010885
9805,-0.04118372694246686,1.005841813950579,1.005841813950579
9806,-0.07238200065019895,0.9020567779817031,0.9020567779817031
9807,-0.31255176344069313,0.610124041219418,0.610124041219418
9808,0.2920770565641899,0.6656011693439773,0.6656011693439773
9809,-0.5332722025322021,0.17718382527401885,0.17718382527401885
9810,-0.22032290676634214,0.7590548159161538,0.7590548159161538
9811,0.12187616156574221,0.9142917027246452,0.9142917027246452
9812,-0.8597233764776258,0.20098630536949297,0.20098630536949297
9813,0.6291382436988309,0.07559444577668364,0.07559444577668364
9814,-0.05473402591780929,0.9131053451922218,0.9131053451922218
9815,-0.21065772076036615,0.8799077258886051,0.8799077258886051
9816,0.2700000659258128,0.76820952242181,0.76820952242181
9817,-0.49456582251562087,0.19630350338628166,0.19630350338628166
9818,-0.16765980237443157,0.8903742191992758,0.8903742191992758
9819,0.40481370224050073,0.42074922694924916,0.42074922694924916
9820,0.34332406581923425,0.5123107546894408,0.5123107546894408
9821,0.5192173373594076,0.13811659885865918,0.13811659885865918
9822,0.367080196809614,0.4840694918084876,0.4840694918084876
9823,0.5164604295169741,0.2737405255738045,0.2737405255738045
9824,-0.2640196320242265,0.7592406421543716,0.7592406421543716
9825,0.1825490178244531,0.8071443408445662,0.8071443408445662
9826,-0.8652718832074155,0.21842417423943394,0.21842417423943394
9827,0.863104244628027,0.28044660703322133,0.28044660703322133
9828,0.14391008688662077,0.955400991185975,0.955400991185975
9829,-0.11024592521887988,0.888266062200964,0.888266062200964
9830,0.9407864965968527,0.581633496978977,0.581633496978977
9831,-0.9277370185507694,0.4593016838798265,0.4593016838798265
9832,-0.1298002010077528,0.9120144191650351,0.9120144191650351
9833,0.6892529696848748,0.038151288012385424,0.038151288012385424
9834,-0.39235886299991707,0.4427209870261362,0.4427209870261362
9835,0.5402396293164928,0.1278974106565174,0.1278974106565174
9836,-0.1283339580542362,0.8968281243760531,0.8968281243760531
9837,-0.47254043985022864,0.29103458828949186,0.29103458828949186
9838,0.6139485062982779,0.06850312044827474,0.06850312044827474
9839,0.1365105130698825,0.9547893436307969,0.9547893436307969
9840,0.0034315205556385564,1.0320820970994142,1.0320820970994142
9841,0.21835594653824542,0.8508726595775674,0.8508726595775674
9842,0.7133095397479066,0.03517232337781834,0.03517232337781834
9843,0.09774223357584932,0.9736455366213975,0.9736455366213975
9844,0.4341323441537721,0.34696083841621056,0.34696083841621056
9845,0.1738568818650772,0.8374880273633376,0.8374880273633376
9846,0.029601687998688675,1.0164161127733797,1.0164161127733797
9847,0.1569507678455524,0.8846488805719767,0.8846488805719767
9848,-0.4560598427657294,0.32054902931862084,0.32054902931862084
9849,-0.7190844094298281,0.019770491547982168,0.019770491547982168
9850,-0.7348499063380081,0.03715161023715072,0.03715161023715072
9851,0.410396665251231,0.39339564870992744,0.39339564870992744
9852,0.07116367012076452,1.01057888477301,1.01057888477301
9853,-0.5288245906262381,0.2807326146602369,0.2807326146602369
9854,-0.5319140148023,0.08507495749949529,0.08507495749949529
9855,0.5299688816610919,0.2323476166782591,0.2323476166782591
9856,-0.31473180339556506,0.5297859102607323,0.5297859102607323
9857,0.5445522652562897,0.17249617563958328,0.17249617563958328
9858,-0.40826273343851405,0.42036923884296323,0.42036923884296323
9859,-0.9106196477623238,0.4658286012908283,0.4658286012908283
9860,-0.5936694501804172,0.121482675198542,0.121482675198542
9861,-0.6107182949056398,0.0807419055536205,0.0807419055536205
9862,-0.5266699282028884,0.20022531020318088,0.20022531020318088
9863,0.6469007591949618,0.055351742195944645,0.055351742195944645
9864,-0.9810620849556559,0.8744598594271136,0.8744598594271136
9865,0.6498302821027337,0.06827269701660278,0.06827269701660278
9866,0.6118744513969472,0.05977851304284741,0.05977851304284741
9867,-0.7627948945368577,0.10646555522913556,0.10646555522913556
9868,0.15529573536429297,0.8683170469798867,0.8683170469798867
9869,-0.12847728092218236,0.8883542521367168,0.8883542521367168
9870,-0.3467934485964219,0.4841737733591537,0.4841737733591537
9871,0.8651829387310452,0.20304987080361725,0.20304987080361725
9872,-0.23008111051993718,0.8668595021888613,0.8668595021888613
9873,0.49996457764770286,0.21861773937051932,0.21861773937051932
9874,0.23897756654898128,0.6876128612536871,0.6876128612536871
9875,0.853540871058845,0.17680734072659637,0.17680734072659637
9876,0.8329563580960395,0.10722315589168013,0.10722315589168013
9877,-0.9623267162766969,0.6494018045764702,0.6494018045764702
9878,-0.8172272221102548,0.0366656700275393,0.0366656700275393
9879,-0.2683394962891219,0.7390925136436175,0.7390925136436175
9880,0.27648442575736865,0.6859083947341635,0.6859083947341635
9881,0.46707308399990843,0.3680218203352891,0.3680218203352891
9882,-0.5414788373097734,0.13687003400479286,0.13687003400479286
9883,0.5421575601950495,0.16154264327339501,0.16154264327339501
9884,0.6726696699527857,-0.04595172502774271,-0.04595172502774271
9885,-0.9681322929277116,0.7672403782878157,0.7672403782878157
9886,-0.646315677013704,-0.09143803183809361,-0.09143803183809361
9887,-0.7937357166438361,0.01863291701529128,0.01863291701529128
9888,-0.2520124668917145,0.7410243508422855,0.7410243508422855
9889,-0.554029167275043,0.12208746815419132,0.12208746815419132
9890,-0.2234253583770598,0.8339007454612183,0.8339007454612183
9891,-0.12013749902413995,0.9220219526841762,0.9220219526841762
9892,-0.8691136666785981,0.2819536222953011,0.2819536222953011
9893,0.3225342838258467,0.6461280620774564,0.6461280620774564
9894,-0.8380019254591959,0.1422678377811719,0.1422678377811719
9895,-0.4895618159782189,0.2688116329643668,0.2688116329643668
9896,0.02517893398521376,1.0017196216219357,1.0017196216219357
9897,0.4522820255075026,0.30230957736493597,0.30230957736493597
9898,0.17230527312081212,0.868975713909355,0.868975713909355
9899,0.3817764811326996,0.47106498162680116,0.47106498162680116
9900,-0.9864708456057434,0.8472005995625459,0.8472005995625459
9901,0.20513982091828598,0.8100714933072481,0.8100714933072481
9902,0.4833222472124976,0.3060248056965844,0.3060248056965844
9903,-0.8044188485524746,0.13357669076876677,0.13357669076876677
9904,0.69018046558159,0.07589639978342748,0.07589639978342748
9905,0.2526861093850581,0.8104719390830257,0.8104719390830257
9906,0.5450826632472752,0.1786898630402729,0.1786898630402729
9907,-0.42761153563689525,0.4885196378705972,0.4885196378705972
9908,0.5530013006696717,0.14389152886003553,0.14389152886003553
9909,0.4785429138745263,0.2932746255873029,0.2932746255873029
9910,-0.32376254067176924,0.6935243689487774,0.6935243689487774
9911,0.16660606163603675,0.861527161851891,0.861527161851891
9912,0.777041866854747,0.1203538620306491,0.1203538620306491
9913,0.4240118107382822,0.44596459511914693,0.44596459511914693
9914,0.8449365839592113,0.1124832861676232,0.1124832861676232
9915,0.8168376123839751,0.25589097608024813,0.25589097608024813
9916,-0.11922672063026751,0.9985822430474235,0.9985822430474235
9917,-0.42942585235561515,0.38179828670222316,0.38179828670222316
9918,-0.9323098613758856,0.5265981133040786,0.5265981133040786
9919,0.5826603419604186,0.10956070086887937,0.10956070086887937
9920,-0.35579642542696344,0.571646543001287,0.571646543001287
9921,0.7170765484746444,0.04111214666359686,0.04111214666359686
9922,-0.1270863165206486,0.91954414193294,0.91954414193294
9923,0.7582291669247907,0.0850610721571426,0.0850610721571426
9924,-0.37452145957653515,0.5597310256665917,0.5597310256665917
9925,-0.5782309396281624,0.14202458485213038,0.14202458485213038
9926,0.7933634593627004,0.0704673344650469,0.0704673344650469
9927,0.04229905750019092,1.0535735991895983,1.0535735991895983
9928,-0.4169637970042188,0.4342448344553754,0.4342448344553754
9929,-0.03407712399359153,1.0187648553744648,1.0187648553744648
9930,0.8567922720324206,0.1941293661601182,0.1941293661601182
9931,0.5751486588821693,0.13077296431781493,0.13077296431781493
9932,-0.6688026021901206,0.032179723272128036,0.032179723272128036
9933,-0.4429830240458159,0.4106317841526729,0.4106317841526729
9934,-0.33017055697623454,0.6136408580014086,0.6136408580014086
9935,-0.3405008149446289,0.7048523238388534,0.7048523238388534
9936,-0.34386443934903843,0.6382147723169005,0.6382147723169005
9937,-0.17824632836427812,0.897239572686381,0.897239572686381
9938,0.8988055977848748,0.41296422460951043,0.41296422460951043
9939,-0.47473492210384216,0.2582632025678928,0.2582632025678928
9940,0.6420779469115963,0.00011850343137421657,0.00011850343137421657
9941,0.27753558571658266,0.7255411233221867,0.7255411233221867
9942,-0.5539727930071305,0.27382820285448123,0.27382820285448123
9943,0.5653420785136487,0.07958443659240959,0.07958443659240959
9944,-0.4361406898915481,0.3775503902865097,0.3775503902865097
9945,-0.9636720053348611,0.8193359489677301,0.8193359489677301
9946,-0.11927326085284262,0.8811104925756114,0.8811104925756114
9947,-0.9754237320006882,0.8332578806881237,0.8332578806881237
9948,0.4344660474244837,0.3919281314318853,0.3919281314318853
9949,-0.14982499846915975,0.9249063482706211,0.9249063482706211
9950,-0.7858150476336325,0.02915751648359906,0.02915751648359906
9951,0.2601603500740608,0.7508409498507599,0.7508409498507599
9952,-0.10621345164955831,0.947720744571327,0.947720744571327
9953,0.8061013653759568,0.14118650633854696,0.14118650633854696
9954,0.5635934565443641,0.19429949557979553,0.19429949557979553
9955,-0.7239006029168595,0.01473323975617113,0.01473323975617113
9956,-0.2142037953912188,0.8283363854458858,0.8283363854458858
9957,0.425884719115994,0.387717567565966,0.387717567565966
9958,-0.6347359147292901,0.05217490124825635,0.05217490124825635
9959,0.9124911670932068,0.491885456262371,0.491885456262371
9960,0.25480919621508713,0.8400132099264733,0.8400132099264733
9961,0.32314980373000046,0.6757767827271558,0.6757767827271558
9962,-0.3291999258500804,0.5579388793789356,0.5579388793789356
9963,0.7460960073846425,0.0119262571915592,0.0119262571915592
9964,0.5700907668592425,0.039778521128109076,0.039778521128109076
9965,0.38675882046296195,0.4969934746662004,0.4969934746662004
9966,-0.6613939908236568,-0.023482467449263657,-0.023482467449263657
9967,0.49307388931942153,0.2840432584282966,0.2840432584282966
9968,-0.3488183315218585,0.5589276440933739,0.5589276440933739
9969,-0.5184678247241057,0.2275907219929765,0.2275907219929765
9970,0.538925549913291,0.11222109904071076,0.11222109904071076
9971,0.7924038189858051,0.11801740583217112,0.11801740583217112
9972,0.6287763398038975,0.04143747692987788,0.04143747692987788
9973,-0.6622840078121242,0.06656491245683022,0.06656491245683022
9974,0.9798398011671832,0.7344009992430531,0.7344009992430531
9975,0.2812593838708983,0.6387713539072232,0.6387713539072232
9976,-0.39878822218612453,0.4487383159910894,0.4487383159910894
9977,0.14979534126949035,0.8908952081240844,0.8908952081240844
9978,0.11793924773234798,0.9643873998355118,0.9643873998355118
9979,-0.506368691198585,0.15891875391078059,0.15891875391078059
9980,0.7475588063126015,-0.004776960953621073,-0.004776960953621073
9981,-0.2977662847829796,0.6442027898154784,0.6442027898154784
9982,0.9051916561498765,0.42110419199141147,0.42110419199141147
9983,-0.6629009609673722,-0.03823539119054763,-0.03823539119054763
9984,-0.4457740143226965,0.30547373702958536,0.30547373702958536
9985,0.39246121458938865,0.5015565526954591,0.5015565526954591
9986,-0.4638756015619767,0.3512602997847345,0.3512602997847345
9987,0.5227279275436416,0.24424544083897584,0.24424544083897584
9988,0.4131883594525849,0.41142400598769474,0.41142400598769474
9989,0.605962687900947,0.10325834127544474,0.10325834127544474
9990,0.9519657818813088,0.6993008390081206,0.6993008390081206
9991,-0.01485199674607296,0.9774025408848255,0.9774025408848255
9992,-0.8794015226012566,0.32795466716186333,0.32795466716186333
9993,-0.4712186252223818,0.29010141220207647,0.29010141220207647
9994,-0.16454896788328432,0.9317669122501746,0.9317669122501746
9995,0.3372821500419465,0.668647693494682,0.668647693494682
9996,-0.3405219286069836,0.5056226241753428,0.5056226241753428
9997,-0.9399881292135341,0.6224150084004795,0.6224150084004795
9998,0.4210914108724113,0.45829214098435056,0.45829214098435056
9999,-0.8751634352511297,0.29524719161031704,0.29524719161031704
